243 31 1
0.2 0.00417672 0.162064 0.1 0.0181933 0.184213 0.0333333 -0.1058 0.172661 0.1 -0.223542 -0.0558265 0.0666667 0.00937004 0.278628 0.0333333 0.278898 -0.146769 0.0333333 -0.409228 -0.0354156 0.1 0.411373 0.0928327 0.0333333 0.415045 0.179017 0.0333333 0.460079 -0.0908661 0.0333333
-1.455
0.249444 -0.240834 -0.0495821 0.0666667 0.31151 -0.138952 0.0333333 -0.407115 -0.019133 0.1 0.381484 0.189773 0.0333333 0.434298 0.121925 0.0333333 0.263648 0.41224 0.0333333 0.488337 -0.101959 0.0333333 -0.378095 0.361381 0.1 -0.0780629 0.52694 0.0333333 0.490776 0.232914 0.0471405
-0.347752
0.258199 0.27407 -0.139747 0.0333333 -0.400873 -0.0214467 0.1 0.40713 0.147589 0.0333333 0.384017 0.22394 0.0333333 0.232015 0.394841 0.0333333 0.493354 -0.132478 0.0333333 -0.0529938 0.512485 0.0333333 -0.382446 0.374009 0.1 0.505595 0.248372 0.0471405 -0.0297448 0.655646 0.0745356
-1.20109
0.260342 -0.400532 -0.00648597 0.1 0.361739 0.254061 0.0333333 0.436704 0.163522 0.0333333 -0.0420462 0.485598 0.0333333 0.232743 0.432108 0.0333333 -0.380941 0.36734 0.1 0.524021 -0.119929 0.0333333 0.524719 0.263695 0.0471405 -0.0165319 0.657625 0.0745356 0.33318 0.854934 0.0745356
2.39446
0.260342 0.0202759 0.241319 0.0333333 -0.408104 -0.00640127 0.1 0.410123 0.175731 0.0471405 0.259589 0.405784 0.0333333 0.495516 -0.112331 0.0333333 -0.0189266 0.509373 0.0333333 -0.386416 0.357412 0.1 0.538758 0.2399 0.0471405 -0.00256888 0.644483 0.0745356 0.351216 0.8518 0.0745356
2.52619
0.262467 -0.395851 -0.00204022 0.1 0.409656 0.150031 0.0471405 0.236368 0.383373 0.0333333 0.465858 -0.118353 0.0333333 -0.0462418 0.519655 0.0333333 -0.39391 0.353237 0.1 -0.267573 0.45848 0.0333333 0.554016 0.257855 0.0471405 -0.0139575 0.64102 0.0745356 0.339795 0.849129 0.0745356
-1.53852
0.262467 0.363649 0.0981487 0.0666667 -0.38543 -0.00127299 0.1 0.238539 0.354351 0.0333333 0.41293 0.13094 0.0471405 0.433802 -0.104516 0.0333333 -0.40193 0.365299 0.1 -0.269675 0.495986 0.0333333 0.541502 0.242028 0.0471405 -0.0286708 0.64213 0.0816497 0.328046 0.844013 0.0745356
-1.42956
0.262467 0.365792 0.0858998 0.0816497 -0.384614 0.0139393 0.1 0.230351 0.390999 0.0333333 0.441733 -0.132549 0.0333333 -0.425398 0.242452 0.0333333 -0.391794 0.366612 0.1 -0.263761 0.532869 0.0333333 0.536847 0.269437 0.0471405 -0.039698 0.65506 0.0816497 0.318474 0.836303 0.0745356
2.11261
0.262467 0.375187 0.070733 0.0816497 -0.385042 0.0211123 0.1 0.415687 -0.118449 0.0333333 0.245188 0.356534 0.0333333 -0.394488 0.221918 0.0333333 -0.38217 0.354733 0.1 -0.231245 0.543064 0.0333333 0.525943 0.285413 0.0471405 -0.0239132 0.651009 0.0816497 0.334542 0.838101 0.0745356
2.74047
0.262467 0.284675 -0.0214665 0.0333333 0.366889 0.0630433 0.0816497 -0.386209 0.0293491 0.1 0.441158 -0.0946913 0.0333333 0.274099 0.376914 0.0333333 -0.389373 0.353575 0.105409 -0.225397 0.574687 0.0333333 0.542349 0.303738 0.0471405 -0.00663974 0.651859 0.0816497 0.350805 0.844773 0.0745356
1.09802
0.264575 0.367682 0.0726077 0.0816497 -0.396504 0.0182691 0.1 0.408037 -0.110214 0.0333333 0.304761 0.380144 0.0333333 -0.383833 0.357246 0.105409 0.517194 0.295963 0.0471405 -0.208519 0.59844 0.0333333 -0.00173892 0.659861 0.0816497 0.359491 0.830537 0.0745356 0.517768 0.749068 0.0333333
-0.776968
0.264575 0.356351 0.0647964 0.0816497 -0.394833 0.0312975 0.1 0.4122 -0.0747134 0.0333333 0.303608 0.416371 0.0333333 -0.397364 0.359908 0.105409 0.537255 0.303806 0.0471405 -0.240524 0.617801 0.0333333 0.000892663 0.675196 0.0816497 0.349813 0.846806 0.0745356 0.54396 0.768114 0.0333333
2.11853
0.264575 0.345047 0.0594296 0.0816497 -0.398091 0.0180272 0.1 0.427658 -0.108876 0.0333333 0.329381 0.389231 0.0333333 -0.384705 0.355124 0.105409 0.543095 0.276935 0.0471405 -0.20512 0.616998 0.0333333 0.0142345 0.679405 0.0816497 0.337103 0.842674 0.0745356 0.513193 0.769543 0.0333333
2.30563
0.276887 0.155074 0.331422 0.0333333 -0.384495 0.0122198 0.1 0.444642 -0.0818196 0.0333333 -0.378913 0.341896 0.105409 0.344401 0.417134 0.0333333 0.525933 0.261312 0.0471405 -0.221558 0.586673 0.0333333 0.0190154 0.689755 0.0816497 0.486401 0.751113 0.0333333 0.349662 0.828276 0.0745356
2.927
0.294392 0.122329 -0.135378 0.0333333 0.130155 0.313853 0.0333333 0.481451 -0.088105 0.0333333 -0.377041 0.330701 0.105409 0.335887 0.385353 0.0333333 0.537389 0.282791 0.0471405 -0.243603 0.564916 0.0333333 0.0121299 0.68063 0.0816497 0.341993 0.818046 0.0745356 0.515433 0.728337 0.0333333
3.13652
0.296273 0.143458 0.345776 0.0333333 0.312831 0.365553 0.0333333 0.490461 -0.0552046 0.0333333 -0.376704 0.320718 0.105409 -0.244412 0.53188 0.0333333 0.55989 0.297084 0.0471405 0.0243866 0.691251 0.0816497 0.51817 0.654019 0.0333333 0.544131 0.706183 0.0333333 0.343364 0.832739 0.0745356
1.933
0.1 0.288896 0.128093 0.0333333 0.261343 -0.187345 0.1 0.376513 -0.0813775 0.0333333 -0.0420849 -0.395421 0.1 0.240727 0.339751 0.0333333 0.37132 -0.197942 0.1 0.385336 -0.175793 0.0333333 0.143602 -0.415832 0.0666667 0.363778 0.295511 0.0666667 0.367143 -0.360006 0.2
-2.75946
0.1 0.300032 0.16556 0.0333333 -0.0290203 -0.380514 0.1 0.13726 -0.410963 0.0666667 0.358794 0.306278 0.0745356 0.378095 -0.361381 0.249444 0.641742 0.0508596 0.0333333 0.759578 -0.171608 0.0333333 0.812392 -0.239455 0.0333333 0.714568 0.459161 0.0745356 0.689605 -0.500332 0.0333333
1.58556
0.1 0.329453 0.138476 0.0333333 -0.0184267 -0.395455 0.1 0.352702 0.281637 0.0745356 0.382446 -0.374009 0.258199 0.614461 0.0208319 0.0333333 0.766464 -0.150069 0.0333333 0.789576 -0.226419 0.0333333 0.656516 -0.513756 0.0333333 0.719475 0.462183 0.0745356 0.888041 -0.125637 0.0471405
-1.29179
0.1 0.338895 0.118258 0.0333333 -0.0195907 -0.373826 0.1 0.364409 0.290285 0.0745356 0.380941 -0.36734 0.260342 0.613684 0.0647684 0.0333333 0.74268 -0.113279 0.0333333 0.817645 -0.203818 0.0333333 0.714121 0.487594 0.0745356 0.905661 -0.103645 0.0471405 0.904963 -0.487269 0.0333333
-2.45681
0.1 -0.0216872 -0.363813 0.1 0.36749 0.151961 0.0333333 0.406692 -0.116092 0.0333333 0.383848 0.287072 0.0745356 0.386416 -0.357412 0.260342 0.646006 0.0483718 0.0333333 0.79654 -0.181681 0.0471405 0.737633 0.494389 0.0745356 0.925174 -0.117512 0.0471405 0.881932 -0.469742 0.0333333
-2.98699
0.1 0.126337 0.105242 0.0333333 -0.00194056 -0.355277 0.1 0.347668 0.166418 0.0333333 0.379953 0.287783 0.0745356 0.39391 -0.353237 0.262467 0.630278 0.0301362 0.0333333 0.803566 -0.203206 0.0471405 0.733705 0.495892 0.0745356 0.947926 -0.0953818 0.0471405 0.859768 -0.47159 0.0333333
2.35953
0.1 0.132255 0.130687 0.0333333 0.0164997 -0.366572 0.1 0.373259 0.276831 0.0816497 0.40193 -0.365299 0.262467 0.640469 -0.0109476 0.0333333 0.765578 -0.26715 0.0666667 0.814859 -0.234359 0.0471405 0.729976 0.478714 0.0745356 0.943432 -0.123271 0.0471405 0.835732 -0.469815 0.0333333
-0.262024
0.1 -0.0336047 -0.12416 0.0333333 0.128033 0.166257 0.0333333 0.00717947 -0.352672 0.1 0.352096 0.288448 0.0816497 0.391794 -0.366612 0.262467 0.622145 0.0243878 0.0333333 0.757586 -0.280712 0.0816497 0.710268 0.469691 0.0745356 0.928641 -0.0971749 0.0471405 0.833526 -0.499161 0.0333333
-0.837037
0.1 -0.0123183 -0.132815 0.0333333 0.150925 0.188331 0.0333333 -0.00287215 -0.333621 0.1 0.358257 0.296276 0.0816497 0.38217 -0.354733 0.262467 0.627358 0.00180128 0.0333333 0.757357 -0.284 0.0816497 0.716711 0.483368 0.0745356 0.908113 -0.0693198 0.0471405 0.797857 -0.473182 0.0333333
3.09703
0.105409 0.163975 0.221112 0.0333333 0.00316347 -0.324226 0.1 0.382733 0.298284 0.0816497 0.389373 -0.353575 0.262467 0.663471 0.023339 0.0333333 0.674047 -0.375041 0.0333333 0.756261 -0.290532 0.0816497 0.740178 0.491198 0.0745356 0.931721 -0.0498374 0.0471405 0.83053 -0.448266 0.0333333
0.783519
0.105409 0.175314 0.241194 0.0333333 -0.012671 -0.338977 0.1 0.382094 0.302615 0.0816497 0.383833 -0.357246 0.264575 0.688594 0.0228987 0.0333333 0.751515 -0.284638 0.0816497 0.743324 0.473291 0.0745356 0.901027 -0.0612823 0.0471405 0.79187 -0.467459 0.0333333 0.901601 0.391822 0.0333333
-3.11483
0.105409 0.156841 0.257893 0.0333333 0.00253193 -0.32861 0.1 0.398257 0.315288 0.0816497 0.397364 -0.359908 0.264575 0.700973 0.0564632 0.0333333 0.753716 -0.295112 0.0816497 0.747178 0.486898 0.0745356 0.809564 -0.434621 0.0333333 0.934619 -0.0561024 0.0471405 0.941324 0.408206 0.0333333
-0.113972
0.105409 0.179585 0.261875 0.0333333 -0.0133863 -0.337097 0.1 0.398939 0.324281 0.0816497 0.384705 -0.355124 0.264575 0.714086 0.0341074 0.0333333 0.729752 -0.295694 0.0816497 0.721808 0.48755 0.0745356 0.9278 -0.078189 0.0471405 0.812363 -0.464 0.0333333 0.897898 0.414419 0.0333333
-1.28459
0.105409 0.157355 0.244777 0.0333333 -0.00558202 -0.329676 0.1 0.378913 -0.341896 0.276887 0.397929 0.347859 0.0816497 0.533988 -0.0104742 0.0333333 0.723315 0.0752382 0.0333333 0.728576 0.48638 0.0745356 0.904846 -0.080584 0.0471405 0.823555 -0.423716 0.0333333 0.865315 0.409217 0.0333333
-1.76639
0.105409 0.133438 0.234215 0.0333333 0.377041 -0.330701 0.294392 0.507196 -0.0168485 0.0333333 0.389171 0.349928 0.0816497 0.49937 -0.46608 0.0333333 0.712928 0.0546513 0.0333333 0.719035 0.487345 0.0745356 0.91443 -0.0479107 0.0471405 0.858492 -0.418806 0.0333333 0.892474 0.397636 0.0333333
-1.90294
0.105409 0.132292 0.211163 0.0333333 0.376704 -0.320718 0.296273 0.520162 0.0250588 0.0333333 0.401091 0.370534 0.0816497 0.689535 0.0448352 0.0333333 0.720068 0.512022 0.0745356 0.936594 -0.023633 0.0471405 0.867165 -0.375922 0.0333333 0.894874 0.333301 0.0333333 0.920835 0.385466 0.0333333
1.85209
0.105409 0.163994 0.184212 0.0333333 0.393942 0.351259 0.0816497 0.536262 0.0455517 0.0333333 0.68423 0.0670096 0.0333333 0.82519 0.0921039 0.1 0.724078 0.487028 0.0745356 0.865296 0.315787 0.0333333 0.946784 -0.0561827 0.0471405 0.897422 0.395769 0.0333333 0.894146 -0.409125 0.0333333
-0.813448
0.105409 0.182715 0.212776 0.0333333 0.393436 0.370743 0.0816497 0.545363 0.0241593 0.0333333 0.475995 -0.466539 0.0333333 0.66832 0.106856 0.0333333 0.81498 0.0890563 0.1 0.712434 0.50893 0.0745356 0.930055 -0.0269466 0.0471405 0.881082 0.347547 0.0471405 0.918648 -0.411635 0.0333333
-1.08608
0.105409 0.14532 0.22958 0.0333333 0.491949 -0.0401091 0.0333333 0.400473 0.373558 0.0816497 0.557504 0.00484456 0.0333333 0.643088 0.142606 0.0333333 0.497471 -0.436846 0.0333333 0.82118 0.0983638 0.110554 0.722226 0.515798 0.0745356 0.892472 0.33985 0.0471405 0.897524 -0.373183 0.0333333
2.09405
0.105409 0.130116 0.194143 0.0333333 0.474087 -0.0252364 0.0333333 0.419322 0.365287 0.0816497 0.564145 0.029019 0.0333333 0.669321 0.159389 0.0333333 0.527792 -0.467963 0.0333333 0.816608 0.0871838 0.110554 0.722941 0.520863 0.0745356 0.87758 0.318505 0.0471405 0.886399 -0.411337 0.0333333
-2.88803
0.105409 0.11113 0.180692 0.0333333 0.499804 -0.0520955 0.0333333 0.423518 0.380142 0.0816497 0.605769 0.0205349 0.0333333 0.673544 0.194826 0.0333333 0.56701 -0.448909 0.0333333 0.823349 0.080393 0.110554 0.747606 0.51989 0.0745356 0.900133 0.341226 0.0471405 0.902433 -0.441513 0.0333333
-1.88839
0.105409 0.140047 0.212024 0.0333333 0.473321 -0.0270972 0.0333333 0.429467 0.376809 0.0816497 0.632548 0.00689554 0.0333333 0.657278 0.231832 0.0333333 0.53885 -0.449934 0.0333333 0.816734 0.0887113 0.110554 0.737723 0.536878 0.0745356 0.894534 0.373069 0.0471405 0.923384 -0.45977 0.0333333
-2.65824
0.105409 0.124238 0.195037 0.0333333 0.515406 -0.0283965 0.0333333 0.428701 0.390829 0.0816497 0.66506 -0.0121611 0.0333333 0.656926 0.204835 0.0333333 0.556567 -0.412774 0.0333333 0.816237 0.0915188 0.110554 0.754309 0.528753 0.0745356 0.927414 0.379021 0.0471405 0.900295 -0.447131 0.0333333
-2.65571
0.105409 0.145324 0.168772 0.0333333 0.491935 -0.0294591 0.0333333 0.435805 0.382325 0.0816497 0.70291 -0.0244791 0.0333333 0.693856 0.19108 0.0333333 0.586225 -0.434262 0.0333333 0.819795 0.104675 0.110554 0.771248 0.520862 0.0745356 0.894834 -0.412332 0.0333333 0.959267 0.377026 0.0471405
0.14479
0.105409 0.147261 0.198205 0.0333333 0.448276 -0.028341 0.0333333 0.413375 0.374387 0.0816497 0.563416 -0.404833 0.0333333 0.725606 -0.0297028 0.0333333 0.695954 0.220448 0.0333333 0.819098 0.105657 0.110554 0.753368 0.506428 0.0745356 0.908416 -0.436973 0.0333333 0.954971 0.352747 0.0471405
0.608337
0.105409 0.0566139 0.0929234 0.0333333 0.132055 0.159498 0.0333333 0.267997 0.139597 0.0333333 0.4199 -0.0612351 0.0333333 0.391836 0.363996 0.0816497 0.562501 -0.378434 0.0333333 0.806677 0.0903168 0.120185 0.758665 0.495139 0.0745356 0.924914 0.336859 0.0471405 0.92669 -0.423346 0.0333333
2.73558
0.105409 0.0920334 0.109945 0.0471405 0.308149 0.121911 0.0333333 0.442128 0.0943507 0.0333333 0.460138 -0.0520731 0.0333333 0.414041 0.354502 0.0816497 0.604245 -0.373471 0.0333333 0.825344 0.0839704 0.120185 0.756785 0.500384 0.0745356 0.918997 0.315028 0.0471405 0.915641 -0.401409 0.0333333
2.48719
0.11547 0.340956 0.0928329 0.0333333 0.441745 -0.0386098 0.0333333 0.439725 0.119482 0.0333333 0.409133 0.351097 0.0816497 0.598648 -0.289259 0.0333333 0.634643 -0.354876 0.0333333 0.832175 0.0866714 0.120185 0.765219 0.479061 0.0745356 0.904637 0.314874 0.0471405 0.912275 -0.439026 0.0333333
-2.16471
0.11547 0.414397 0.114501 0.0471405 0.375653 0.230185 0.0333333 0.475609 -0.0133129 0.0333333 0.421977 0.34769 0.0816497 0.626566 -0.305848 0.0333333 0.665864 -0.367963 0.0333333 0.83366 0.0862641 0.120185 0.771482 0.501917 0.0745356 0.897409 0.302937 0.0471405 0.899868 -0.45924 0.0333333
-0.39987
0.11547 0.178775 0.211276 0.0333333 0.385008 0.129834 0.0471405 0.492142 0.0120233 0.0333333 0.42178 0.361928 0.0881917 0.585019 -0.295553 0.0333333 0.670244 -0.394806 0.0333333 0.82511 0.0992498 0.120185 0.749615 0.498374 0.0745356 0.902508 0.325673 0.0471405 0.886685 -0.422442 0.0333333
1.71917
0.11547 0.149872 0.215597 0.0333333 0.408844 0.113025 0.0471405 0.462109 0.013537 0.0333333 0.428969 0.363613 0.0881917 0.575154 -0.336433 0.0333333 0.697472 -0.383223 0.0333333 0.830776 0.0815197 0.120185 0.747919 0.503434 0.0745356 0.925091 0.326538 0.0471405 0.921328 -0.434703 0.0333333
-0.366885
0.11547 0.112294 0.201921 0.0333333 0.382115 0.100966 0.0471405 0.430192 -0.00720052 0.0333333 0.415965 0.379004 0.0881917 0.589499 -0.309171 0.0333333 0.657833 -0.366684 0.0333333 0.81268 0.0834199 0.120185 0.747807 0.518867 0.0745356 0.879016 -0.431783 0.0333333 0.929829 0.349155 0.0471405
2.49917
0.11547 0.0869789 0.191593 0.0333333 0.370774 0.109087 0.0471405 0.422571 0.0166359 0.0333333 0.413364 0.365991 0.0881917 0.563887 -0.313866 0.0333333 0.693612 -0.35448 0.0333333 0.816977 0.0862487 0.120185 0.759394 0.527494 0.0745356 0.922741 0.32504 0.0471405 0.904755 -0.409514 0.0333333
0.535945
0.11547 0.105017 0.207145 0.0333333 0.360015 0.0807349 0.0471405 0.447412 0.0155427 0.0333333 0.417676 0.360482 0.0881917 0.586536 -0.331228 0.0333333 0.69941 -0.329175 0.0333333 0.799539 0.0825526 0.120185 0.76525 0.517828 0.0745356 0.93248 0.304923 0.0471405 0.909598 -0.445072 0.0333333
-2.48027
0.11547 0.118576 0.180259 0.0333333 0.363477 0.0634393 0.0471405 0.457499 0.0546924 0.0333333 0.43764 0.368779 0.0881917 0.627414 -0.327128 0.0471405 0.741217 0.22834 0.0333333 0.806417 0.0976797 0.120185 0.758149 0.52123 0.0745356 0.901643 -0.409677 0.0333333 0.936179 0.334079 0.0471405
0.382645
0.11547 0.114306 0.209673 0.0333333 0.352913 0.0363332 0.0471405 0.444847 0.084224 0.0333333 0.438849 0.357702 0.0881917 0.598034 -0.319006 0.0471405 0.792352 0.101772 0.124722 0.745781 0.503133 0.0745356 0.807396 -0.454625 0.1 0.905662 0.339942 0.0471405 0.926024 -0.414581 0.0333333
-1.53874
0.11547 0.11944 0.186404 0.0333333 0.247386 0.0537039 0.1 0.337788 0.0276197 0.0471405 0.453173 0.126037 0.0333333 0.451024 0.369017 0.0881917 0.619396 -0.300117 0.0471405 0.79416 0.120043 0.124722 0.730978 0.509267 0.0745356 0.8157 -0.437988 0.105409 0.883344 0.341124 0.0471405
2.05441
0.0666667 -0.123051 0.0442396 0.0333333 -0.0748818 -0.167418 0.0333333 0.249073 -0.221121 0.0333333 0.311272 0.14369 0.0333333 0.0127353 -0.376889 0.0333333 0.352423 0.147881 0.0666667 -0.363778 -0.295511 0.1 0.0215586 -0.471304 0.0333333 0.007542 -0.493453 0.1 -0.102435 -0.482856 0.1
2.7329
0.0745356 -0.0587618 -0.140718 0.0333333 0.282949 -0.255418 0.0333333 0.355774 0.152883 0.0745356 -0.358794 -0.306278 0.1 0.400785 -0.477886 0.0333333 0.0193012 -0.667659 0.249444 0.510077 -0.434744 0.0471405 0.453599 -0.545733 0.0333333 -0.221533 -0.717241 0.0666667 -0.387814 -0.686792 0.1
-2.00386
0.0745356 -0.023249 -0.143161 0.0333333 0.26176 -0.260805 0.0333333 0.366773 0.180546 0.0745356 -0.352702 -0.281637 0.1 0.413762 -0.431706 0.0333333 0.0297448 -0.655646 0.258199 0.436874 -0.508057 0.0333333 0.53534 -0.407274 0.0471405 -0.371128 -0.677093 0.1 0.303814 -0.795393 0.0333333
-0.136819
0.0745356 -0.0255143 -0.172027 0.0333333 0.249275 -0.225517 0.0333333 0.349712 0.197309 0.0745356 -0.364409 -0.290285 0.1 0.378271 -0.403565 0.0333333 0.0165319 -0.657625 0.260342 0.541251 -0.393931 0.0471405 0.453236 -0.494104 0.0333333 -0.384 -0.664111 0.1 0.540553 -0.777554 0.0333333
-0.757395
0.0745356 -0.0163578 -0.13511 0.0333333 0.262158 -0.2387 0.0333333 0.0228447 -0.403164 0.0333333 0.353785 0.207317 0.0745356 -0.383848 -0.287072 0.1 0.412692 -0.468752 0.0471405 0.00256888 -0.644483 0.260342 0.541327 -0.404584 0.0471405 -0.405535 -0.650885 0.1 0.498084 -0.756814 0.0333333
-3.0745
0.0745356 -0.0322843 -0.121365 0.0333333 -0.253616 -0.18254 0.0333333 0.250325 -0.257647 0.0333333 0.353753 0.208109 0.0745356 -0.379953 -0.287783 0.1 0.0139575 -0.64102 0.262467 0.423614 -0.490989 0.0471405 0.567974 -0.383165 0.0471405 -0.381893 -0.64306 0.1 0.479815 -0.759373 0.0333333
-2.93063
0.0816497 -0.241004 -0.146144 0.0333333 0.26721 -0.287779 0.0333333 0.356717 0.201883 0.0745356 -0.373259 -0.276831 0.1 0.0286708 -0.64213 0.262467 0.392319 -0.543981 0.0666667 0.441601 -0.51119 0.0471405 0.570173 -0.400102 0.0471405 -0.356759 -0.643403 0.1 0.462473 -0.746646 0.0333333
2.44423
0.0816497 -0.224063 -0.122191 0.0333333 0.270049 -0.264061 0.0333333 0.358172 0.181243 0.0745356 -0.352096 -0.288448 0.1 -0.3857 -0.412608 0.0333333 0.039698 -0.65506 0.262467 0.576545 -0.385623 0.0471405 0.40549 -0.56916 0.0816497 -0.344916 -0.641121 0.1 0.481431 -0.787609 0.0333333
-0.0311621
0.0816497 -0.207332 -0.107946 0.0333333 0.269101 -0.294475 0.0333333 0.358455 0.187092 0.0745356 -0.358257 -0.296276 0.1 -0.370575 -0.429091 0.0333333 0.0239132 -0.651009 0.262467 0.549857 -0.365596 0.0471405 0.399101 -0.580276 0.0816497 -0.361129 -0.629897 0.1 0.4396 -0.769458 0.0333333
0.184953
0.0816497 -0.218758 -0.0771719 0.0333333 0.280738 -0.274945 0.0333333 0.357445 0.192915 0.0745356 -0.382733 -0.298284 0.105409 0.548989 -0.348121 0.0471405 0.00663974 -0.651859 0.262467 0.373528 -0.588815 0.0816497 -0.379569 -0.62251 0.1 0.291314 -0.673325 0.0333333 0.447797 -0.74655 0.0333333
1.04513
0.0816497 -0.20678 -0.0614211 0.0333333 0.36123 0.170676 0.0745356 0.3065 -0.279716 0.0333333 -0.382094 -0.302615 0.105409 0.519507 0.0892071 0.0333333 0.518933 -0.363897 0.0471405 0.00173892 -0.659861 0.264575 0.369421 -0.587253 0.0816497 -0.394765 -0.641592 0.1 0.409776 -0.770074 0.0333333
1.14458
0.0816497 -0.241416 -0.0573948 0.0333333 0.34892 0.17161 0.0745356 0.302716 -0.258825 0.0333333 -0.398257 -0.315288 0.105409 0.543067 0.0929184 0.0333333 0.536362 -0.37139 0.0471405 -0.000892663 -0.675196 0.264575 0.355459 -0.6104 0.0816497 -0.395725 -0.643898 0.1 0.411307 -0.749909 0.0333333
0.609884
0.0816497 -0.219354 -0.0624067 0.0333333 0.322868 0.163269 0.0745356 0.315147 -0.290174 0.0333333 0.498958 0.0901379 0.0333333 -0.398939 -0.324281 0.105409 0.528861 -0.40247 0.0471405 -0.0142345 -0.679405 0.264575 0.330813 -0.619976 0.0816497 -0.412326 -0.661378 0.1 0.413424 -0.788281 0.0333333
1.42588
0.0816497 -0.240574 -0.103082 0.0333333 0.330647 0.138521 0.0745356 0.136059 -0.358333 0.0333333 0.325386 -0.272621 0.0333333 0.467386 0.0613581 0.0333333 -0.397929 -0.347859 0.105409 0.506917 -0.428443 0.0471405 -0.0190154 -0.689755 0.276887 -0.403511 -0.677535 0.1 0.425626 -0.771575 0.0333333
-2.48832
0.0816497 -0.255733 -0.115714 0.0333333 0.329864 0.137417 0.0745356 0.118025 -0.366776 0.0333333 0.323757 -0.295277 0.0333333 0.503303 0.0477078 0.0333333 -0.389171 -0.349928 0.105409 0.525259 -0.397839 0.0471405 -0.0121299 -0.68063 0.294392 0.110199 -0.816008 0.0333333 0.469321 -0.768734 0.0333333
0.897799
0.0816497 -0.268799 -0.159371 0.0333333 0.318977 0.141488 0.0745356 0.119071 -0.345475 0.0333333 0.288445 -0.325699 0.0333333 0.493784 -0.0372325 0.0333333 0.519744 0.0149319 0.0333333 -0.401091 -0.370534 0.105409 0.535503 -0.394167 0.0471405 -0.0243866 -0.691251 0.296273 0.466074 -0.746456 0.0333333
-2.40436
0.0816497 -0.229948 -0.167048 0.0333333 0.14232 -0.305708 0.0333333 0.330136 0.135768 0.0745356 0.290288 -0.28425 0.0333333 0.471354 -0.0354726 0.0333333 0.431248 -0.259155 0.1 0.50348 0.04451 0.0333333 -0.393942 -0.351259 0.105409 0.552842 -0.407442 0.0471405 0.500204 -0.760384 0.0333333
1.05301
0.0816497 -0.210721 -0.157967 0.0333333 0.318998 0.138186 0.0745356 0.151927 -0.346584 0.0333333 0.274884 -0.263888 0.0333333 0.487646 -0.0231962 0.0471405 0.421544 -0.281687 0.1 -0.393436 -0.370743 0.105409 0.536619 -0.39769 0.0471405 0.0825591 -0.837282 0.0333333 0.525212 -0.782378 0.0333333
-0.499015
0.0816497 -0.255153 -0.143977 0.0333333 0.242614 -0.230952 0.0333333 0.321753 0.142241 0.0745356 0.157031 -0.368713 0.0333333 0.0914758 -0.413667 0.0333333 0.491999 -0.0337077 0.0471405 0.420706 -0.275194 0.110554 -0.400473 -0.373558 0.105409 0.0969978 -0.810403 0.0333333 0.497051 -0.746741 0.0333333
0.0632414
0.0816497 0.249999 -0.205898 0.0333333 -0.289206 -0.171144 0.0333333 0.303619 0.155575 0.0745356 0.144823 -0.336268 0.0333333 0.0547656 -0.390524 0.0333333 0.458259 -0.0467817 0.0471405 0.397286 -0.278103 0.110554 -0.419322 -0.365287 0.105409 0.10847 -0.83325 0.0333333 0.467077 -0.776624 0.0333333
2.02806
0.0816497 0.250027 -0.185316 0.0333333 0.324089 0.139749 0.0745356 -0.312388 -0.199449 0.0333333 0.182252 -0.359607 0.0333333 0.0762868 -0.432237 0.0333333 0.476615 -0.0389154 0.0471405 0.399831 -0.299749 0.110554 -0.423518 -0.380142 0.105409 0.143493 -0.829051 0.0333333 0.478915 -0.821654 0.0333333
-1.37421
0.0816497 0.22781 -0.144978 0.0333333 -0.289421 -0.164785 0.0333333 0.308255 0.160068 0.0745356 0.0438534 -0.403906 0.0333333 0.203081 -0.369914 0.0333333 0.465067 -0.00374006 0.0471405 0.387267 -0.288098 0.110554 -0.429467 -0.376809 0.105409 0.109382 -0.826744 0.0333333 0.493917 -0.836579 0.0333333
2.40708
0.0816497 0.228225 -0.185994 0.0333333 0.325608 0.137924 0.0745356 -0.304463 -0.195792 0.0333333 0.0867048 -0.419225 0.0333333 0.236359 -0.40299 0.0333333 0.387536 -0.29931 0.110554 0.498713 -0.0118079 0.0471405 -0.428701 -0.390829 0.105409 0.127866 -0.803603 0.0333333 0.471594 -0.83796 0.0333333
-1.73443
0.0816497 0.258051 -0.191245 0.0333333 -0.290481 -0.213553 0.0333333 0.335442 0.138537 0.0745356 0.0561301 -0.411784 0.0333333 0.383989 -0.27765 0.110554 0.267104 -0.406804 0.0333333 0.523462 -0.00529902 0.0471405 -0.435805 -0.382325 0.105409 0.150419 -0.816587 0.0333333 0.459029 -0.794657 0.0333333
-2.65053
0.0816497 -0.266114 -0.176182 0.0333333 0.28258 -0.153939 0.0333333 0.339993 0.132041 0.0745356 0.0349016 -0.402728 0.0333333 0.405723 -0.26873 0.110554 0.312231 -0.40409 0.0333333 0.541597 -0.0216397 0.0471405 -0.413375 -0.374387 0.105409 0.150041 -0.77922 0.0333333 0.495041 -0.81136 0.0333333
-2.81495
0.0816497 -0.123839 -0.224399 0.0333333 -0.259781 -0.204498 0.0333333 0.366829 0.131143 0.0745356 0.0280641 -0.425231 0.0333333 -0.335222 -0.271073 0.0333333 0.414841 -0.273679 0.120185 0.533078 -0.0271369 0.0471405 -0.391836 -0.363996 0.105409 0.170665 -0.74243 0.0333333 0.534854 -0.787342 0.0333333
-0.402498
0.0816497 -0.105892 -0.232591 0.0333333 0.0280872 -0.260152 0.0333333 0.342744 0.145882 0.0745356 -0.322007 -0.244557 0.0471405 0.0460975 -0.406575 0.0333333 0.411304 -0.270532 0.120185 0.504956 -0.0394741 0.0471405 -0.414041 -0.354502 0.105409 0.190204 -0.727973 0.0333333 0.5016 -0.755911 0.0333333
2.91851
0.0816497 0.0305925 -0.231615 0.0333333 -0.0681766 -0.258264 0.0333333 0.356086 0.127964 0.0745356 0.0326118 -0.389707 0.0333333 0.495504 -0.0362227 0.0471405 0.423042 -0.264426 0.120185 -0.409133 -0.351097 0.11547 0.189515 -0.640356 0.0333333 0.22551 -0.705972 0.0333333 0.503142 -0.790123 0.0333333
-0.990648
0.0816497 -0.0463241 -0.117505 0.0333333 -0.00757975 -0.233189 0.0471405 0.0536315 -0.361003 0.0333333 0.349505 0.154227 0.0745356 0.475432 -0.0447528 0.0471405 0.411683 -0.261426 0.120185 -0.421977 -0.34769 0.11547 0.204589 -0.653538 0.0333333 0.243887 -0.715653 0.0333333 0.477891 -0.80693 0.0333333
0.880428
0.0881917 -0.0367716 -0.232094 0.0471405 -0.243004 -0.150652 0.0333333 0.327835 0.136446 0.0745356 0.0703619 -0.349905 0.0333333 0.40333 -0.262678 0.120185 0.480728 -0.0362547 0.0471405 -0.42178 -0.361928 0.11547 0.163239 -0.657481 0.0333333 0.248465 -0.756734 0.0333333 0.464905 -0.78437 0.0333333
1.09537
0.0881917 -0.0201244 -0.250588 0.0471405 -0.279096 -0.148016 0.0333333 0.31895 0.139821 0.0745356 0.0331398 -0.350076 0.0333333 0.401807 -0.282093 0.120185 0.496122 -0.0370748 0.0471405 -0.428969 -0.363613 0.11547 0.146185 -0.700046 0.0333333 0.268503 -0.746836 0.0333333 0.492359 -0.798316 0.0333333
1.89571
0.0881917 -0.0338502 -0.278038 0.0471405 -0.303671 -0.177084 0.0333333 0.331842 0.139863 0.0745356 0.0142271 -0.386205 0.0333333 0.396715 -0.295584 0.120185 0.513864 -0.0298488 0.0471405 -0.415965 -0.379004 0.11547 0.173534 -0.688176 0.0333333 0.241868 -0.745688 0.0333333 0.463051 -0.810787 0.0333333
-2.5286
0.0881917 -0.0425905 -0.256903 0.0471405 0.00920701 -0.349355 0.0333333 -0.326385 -0.174398 0.0333333 0.34603 0.161504 0.0745356 0.403613 -0.279742 0.120185 0.509377 -0.0409512 0.0471405 -0.413364 -0.365991 0.11547 0.150523 -0.679857 0.0333333 0.280248 -0.72047 0.0333333 0.49139 -0.775505 0.0333333
-0.0472659
0.0881917 -0.0576608 -0.279747 0.0471405 0.0297359 -0.344939 0.0333333 -0.312659 -0.153337 0.0333333 0.347574 0.157346 0.0745356 0.381863 -0.277929 0.120185 0.514804 -0.0555584 0.0471405 -0.417676 -0.360482 0.11547 0.16886 -0.69171 0.0333333 0.281734 -0.689657 0.0333333 0.491923 -0.805553 0.0333333
0.190664
0.0881917 -0.0741626 -0.30534 0.0471405 0.019859 -0.314087 0.0333333 0.303577 -0.140439 0.0333333 0.320509 0.152451 0.0745356 -0.319064 -0.18852 0.0333333 0.368777 -0.2711 0.120185 0.498539 -0.0346998 0.0471405 -0.43764 -0.368779 0.11547 0.189774 -0.695907 0.0471405 0.464003 -0.778456 0.0333333
-0.636045
0.0881917 0.00599817 -0.273478 0.0333333 -0.085936 -0.321369 0.0471405 0.306933 0.14543 0.0745356 -0.324543 -0.14803 0.0333333 0.353503 -0.25593 0.124722 0.466813 -0.0177608 0.0471405 -0.438849 -0.357702 0.11547 0.159186 -0.676708 0.0471405 0.368547 -0.812328 0.1 0.487176 -0.772283 0.0333333
0.135115
0.0881917 0.00214934 -0.24298 0.0333333 0.279954 0.14025 0.0745356 -0.113236 -0.341397 0.0471405 -0.203638 -0.315313 0.1 -0.331584 -0.182613 0.0333333 0.343136 -0.248974 0.124722 0.43232 -0.0278935 0.0471405 -0.451024 -0.369017 0.11547 0.168372 -0.669134 0.0471405 0.364676 -0.807005 0.105409
2.05891
0.0881917 0.00291097 -0.221174 0.0333333 0.286861 0.114249 0.0745356 -0.265828 -0.174059 0.133333 -0.197357 -0.251502 0.0666667 -0.307847 -0.221905 0.0333333 -0.196633 -0.337498 0.110554 0.428352 -0.0176196 0.0471405 0.357676 -0.257896 0.124722 0.169524 -0.703347 0.0471405 0.376396 -0.809338 0.105409
-0.812311
0.0881917 -0.0302317 -0.189401 0.0333333 0.277871 0.138297 0.0745356 -0.199682 -0.336687 0.188562 0.0900773 -0.384323 0.0333333 -0.244696 -0.324893 0.0333333 0.420963 0.0150613 0.0471405 -0.423777 -0.0898399 0.0666667 0.355206 -0.255151 0.124722 0.13744 -0.691528 0.0471405 0.35729 -0.798736 0.105409
-2.62547
0.0881917 0.299095 0.0626276 0.0666667 0.292211 0.129997 0.0745356 -0.187037 -0.324823 0.194365 -0.406335 -0.0682688 0.0666667 0.354571 -0.223906 0.1 0.42351 -0.000739892 0.0471405 0.106188 -0.411038 0.0333333 0.366111 -0.240025 0.124722 0.127662 -0.674105 0.0471405 0.367589 -0.781998 0.105409
-2.60263
0.0881917 0.294883 0.148951 0.1 -0.17063 -0.319534 0.194365 -0.412176 -0.0611568 0.0666667 0.369001 -0.229486 0.159861 0.445079 -0.0152469 0.0471405 0.119399 -0.437819 0.0333333 -0.423832 -0.28126 0.1 0.42946 -0.473638 0.1 0.145563 -0.690117 0.0471405 0.385252 -0.76752 0.105409
-0.209011
0.0881917 0.138822 -0.101084 0.0333333 0.272994 0.15722 0.1 -0.187921 -0.314088 0.218581 0.361556 -0.221922 0.159861 -0.439018 -0.0503554 0.0666667 0.45166 -0.0267083 0.0471405 0.0834244 -0.458695 0.0333333 0.413135 -0.48139 0.1 0.139373 -0.664745 0.0471405 0.367322 -0.75598 0.105409
-1.56574
0.0881917 0.150386 -0.0572453 0.0333333 0.271029 0.158872 0.1 -0.182939 -0.302111 0.218581 0.364558 -0.215561 0.159861 0.113462 -0.431778 0.0333333 -0.447208 -0.0232056 0.0666667 0.472326 -0.0253271 0.0471405 0.411207 -0.479745 0.1 0.162852 -0.653281 0.0471405 0.374662 -0.750884 0.105409
1.95568
0.0881917 0.186972 -0.0787346 0.0333333 0.269397 0.138085 0.1 -0.173483 -0.315661 0.218581 0.0993956 -0.415928 0.0333333 0.366177 -0.221023 0.159861 -0.42902 -0.0447147 0.0666667 0.498183 -0.0474545 0.0471405 0.41779 -0.502378 0.1 0.177796 -0.686201 0.0471405 0.372117 -0.770189 0.105409
-1.27469
0.0881917 0.190182 -0.0992984 0.0333333 0.265514 0.139026 0.1 -0.1742 -0.299478 0.218581 0.368029 -0.204761 0.166667 0.0989737 -0.437051 0.0333333 -0.446165 -0.0424813 0.0666667 0.403585 -0.486776 0.1 0.19723 -0.66952 0.0471405 0.124977 -0.68685 0.0333333 0.357989 -0.75677 0.105409
-0.92766
0.0881917 -0.157477 -0.140096 0.0333333 0.163985 0.195395 0.0333333 0.264547 0.158055 0.1 -0.180577 -0.294341 0.218581 0.362534 -0.188339 0.169967 0.058085 -0.427101 0.0333333 -0.449509 -0.0485254 0.0666667 0.404097 -0.469054 0.1 0.212759 -0.654677 0.057735 0.354799 -0.737094 0.105409
-2.46293
0.1 0.0904016 -0.0260842 0.0471405 -0.127946 0.1327 0.0333333 0.205787 0.0723331 0.0333333 -0.247386 -0.0537039 0.11547 0.203638 0.315313 0.0881917 0.37201 -0.353821 0.0471405 0.546774 0.0663392 0.124722 0.483592 0.455563 0.0745356 0.635958 0.28742 0.0471405 0.568314 -0.491692 0.105409
-1.47195
0.110554 -0.000723504 0.0859958 0.0666667 -0.111214 0.115593 0.0333333 -0.0691945 0.163438 0.133333 0.199544 0.116324 0.0333333 0.196633 0.337498 0.0881917 0.366157 -0.36585 0.0471405 0.554309 0.0796018 0.124722 0.483494 0.451746 0.0745356 0.624986 0.319878 0.0471405 0.573029 -0.471841 0.105409
-0.977768
0.188562 -0.0450144 0.0117941 0.0333333 0.16945 0.147285 0.0333333 0.289759 -0.0476365 0.0333333 -0.224095 0.246847 0.0666667 0.199682 0.336687 0.0881917 0.337122 -0.354841 0.0471405 0.554888 0.0815352 0.124722 0.477553 0.474984 0.0745356 0.620645 0.351748 0.0471405 0.556972 -0.462049 0.105409
1.28039
0.194365 0.293225 -0.0862149 0.0333333 -0.219298 0.256554 0.0666667 0.187037 0.324823 0.0881917 0.314699 -0.349281 0.0471405 0.541608 0.100917 0.1 0.553148 0.084798 0.124722 0.486132 0.387451 0.0666667 0.479248 0.45482 0.0745356 0.610547 0.324083 0.0471405 0.554626 -0.457175 0.105409
-0.207364
0.194365 -0.253202 0.0382735 0.1 0.290029 -0.118285 0.0333333 -0.241546 0.258377 0.0666667 0.17063 0.319534 0.0881917 0.316193 -0.370583 0.0471405 0.539631 0.090048 0.159861 0.60009 -0.154104 0.1 0.465513 0.468485 0.1 0.615709 0.304287 0.0471405 0.555882 -0.447987 0.105409
2.6234
0.218581 0.271345 -0.144606 0.0333333 -0.251097 0.263733 0.0666667 0.187921 0.314088 0.0881917 0.326743 0.213005 0.0333333 0.327293 -0.350657 0.0471405 0.549476 0.0921661 0.159861 0.601055 -0.167302 0.1 0.460915 0.471308 0.1 0.639581 0.28738 0.0471405 0.555243 -0.441891 0.105409
-0.122457
0.218581 0.296402 -0.129668 0.0333333 0.182939 0.302111 0.0881917 -0.264269 0.278905 0.0666667 0.333325 0.244865 0.0333333 0.345791 -0.351171 0.0471405 0.547497 0.0865493 0.159861 0.594147 -0.177634 0.1 0.453968 0.460982 0.1 0.655265 0.276783 0.0471405 0.557601 -0.448773 0.105409
-0.377346
0.218581 0.272879 -0.100267 0.0333333 0.173483 0.315661 0.0881917 -0.255537 0.270946 0.0666667 0.360456 0.236926 0.0333333 0.351279 -0.37054 0.0471405 0.53966 0.0946374 0.159861 0.591274 -0.186717 0.1 0.442881 0.453746 0.1 0.545601 -0.454528 0.105409 0.671666 0.268206 0.0471405
0.949237
0.218581 0.273173 -0.137574 0.0333333 0.1742 0.299478 0.0881917 -0.271965 0.256996 0.0666667 0.364382 0.200179 0.0333333 0.299176 -0.387372 0.0333333 0.37143 -0.370042 0.0471405 0.542229 0.0947166 0.166667 0.577785 -0.187299 0.1 0.439714 0.438504 0.1 0.532189 -0.457293 0.105409
-1.33684
0.218581 0.0230996 0.154245 0.0333333 0.238662 -0.13276 0.0333333 0.180577 0.294341 0.0881917 -0.268933 0.245815 0.0666667 0.393336 -0.360337 0.057735 0.543111 0.106002 0.169967 0.344562 0.489735 0.0333333 0.584674 -0.174713 0.1 0.445124 0.452396 0.1 0.535376 -0.442754 0.105409
-2.79392
0.221108 0.244676 -0.14651 0.0333333 0.258572 -0.16073 0.0333333 -0.266588 0.264035 0.0666667 0.379342 -0.36284 0.057735 0.54438 0.102219 0.169967 0.552166 -0.1561 0.0666667 0.593644 -0.183272 0.1 0.459149 0.460289 0.105409 0.67373 0.0192054 0.1 0.535956 -0.431353 0.105409
-0.963997
0.223607 0.266475 0.0286345 0.0333333 0.226154 -0.172021 0.0333333 0.00570058 0.291613 0.0333333 -0.276186 0.252917 0.0666667 -0.249922 -0.416169 0.1 0.3822 -0.377085 0.057735 0.539426 0.100152 0.208167 0.597823 -0.187736 0.1 0.45399 0.454129 0.105409 0.539714 -0.435426 0.105409
-1.56602
0.226078 -0.027655 0.296265 0.0333333 0.257347 -0.17874 0.0333333 -0.0502713 0.321283 0.0666667 -0.269561 0.273169 0.0666667 -0.249373 -0.400104 0.1 -0.0822487 0.470563 0.0333333 0.365554 -0.381815 0.057735 0.538162 0.0999294 0.23094 0.455287 0.469556 0.105409 0.541408 -0.420057 0.105409
-1.44165
0.226078 0.269906 -0.143255 0.0333333 -0.0543898 0.342455 0.0745356 -0.279607 0.264289 0.0666667 0.239259 -0.32563 0.1 -0.259375 -0.401203 0.1 -0.10877 0.496434 0.0333333 0.345843 -0.374406 0.057735 0.53425 0.108324 0.23094 0.453566 0.484914 0.105409 0.535213 -0.406229 0.105409
0.320956
0.226078 0.29832 -0.148929 0.0333333 -0.0712444 0.332325 0.0745356 -0.268343 0.267647 0.0666667 0.245706 -0.327057 0.11547 -0.258819 -0.412563 0.1 -0.145383 0.504392 0.0333333 0.526165 0.103391 0.23094 0.459442 0.483165 0.105409 0.5406 -0.404603 0.105409 0.68401 0.20551 0.133333
2.28253
0.226078 0.13089 -0.178601 0.0666667 -0.0757062 0.341385 0.0745356 -0.249035 0.259611 0.0666667 0.330171 -0.169703 0.0333333 0.244202 -0.339167 0.11547 -0.266638 -0.417635 0.1 -0.166267 0.477636 0.0333333 0.524983 0.0977049 0.266667 0.454586 0.472657 0.105409 0.554095 -0.406014 0.105409
-2.47107
0.226078 -0.068639 0.329883 0.0745356 -0.261267 0.267037 0.0666667 0.360795 -0.146792 0.0333333 0.250365 -0.326773 0.133333 -0.259424 -0.425171 0.1 -0.17727 0.51053 0.0333333 0.532999 0.100645 0.266667 0.466713 0.482238 0.105409 0.556003 -0.392599 0.105409 0.686988 -0.108248 0.0333333
2.93854
0.226078 -0.0518513 0.337771 0.0745356 -0.240231 0.269869 0.0666667 0.357473 -0.180108 0.0333333 0.249023 -0.322146 0.133333 0.402718 0.296657 0.0333333 -0.265626 -0.424715 0.1 -0.189913 0.481143 0.0333333 0.534025 0.0979183 0.268742 0.463905 0.488529 0.105409 0.550344 -0.394786 0.105409
0.449194
0.226078 -0.0693878 0.342734 0.0745356 -0.244388 0.25107 0.0666667 0.244824 -0.31595 0.133333 0.384008 -0.169895 0.0333333 -0.280282 -0.431189 0.1 -0.22521 0.466433 0.0333333 0.53373 0.0956641 0.270801 0.449012 0.487648 0.105409 0.553161 -0.389264 0.105409 0.593472 0.344874 0.0666667
3.07775
0.1 -0.14096 -0.0250943 0.0333333 0.121594 -0.148287 0.0471405 0.0401061 0.223683 0.0333333 -0.288928 -0.0465523 0.0333333 0.072232 0.303665 0.0333333 -0.101112 0.394924 0.0745356 -0.431248 0.259155 0.0816497 0.0689556 -0.501229 0.0333333 -0.661196 0.0921076 0.0333333 -0.82519 -0.0921039 0.105409
-1.84123
0.1 -0.14666 0.0177994 0.0333333 0.115074 -0.116003 0.0471405 0.0661017 0.258491 0.0471405 -0.269617 -0.064897 0.0333333 -0.102546 0.419873 0.0745356 -0.421544 0.281687 0.0816497 0.103668 -0.500691 0.0333333 -0.632265 0.12372 0.0333333 -0.338985 -0.555595 0.0333333 -0.81498 -0.0890563 0.105409
-0.00172976
0.110554 -0.178092 0.0442419 0.0333333 0.0712923 0.241486 0.0471405 -0.263676 -0.0935192 0.0333333 -0.329231 -0.138473 0.0333333 -0.0989537 0.417434 0.0745356 0.0763449 -0.471547 0.0333333 -0.420706 0.275194 0.0816497 -0.323709 -0.535209 0.0333333 -0.67586 0.131217 0.0333333 -0.82118 -0.0983638 0.105409
-2.93624
0.110554 -0.147287 0.0722052 0.0333333 0.0609727 0.231322 0.0471405 -0.252463 -0.0581647 0.0333333 -0.34252 -0.11242 0.0333333 -0.0936671 0.433679 0.0745356 -0.397286 0.278103 0.0816497 0.0697909 -0.498521 0.0333333 -0.288816 -0.555147 0.0333333 -0.686492 0.10696 0.0333333 -0.816608 -0.0871838 0.105409
-1.92253
0.110554 -0.149805 0.114433 0.0333333 -0.217579 -0.0598581 0.0333333 0.076784 0.260833 0.0471405 -0.323544 -0.132488 0.0333333 -0.0757426 0.439497 0.0745356 -0.399831 0.299749 0.0816497 0.0790836 -0.521906 0.0333333 -0.256339 -0.529302 0.0333333 -0.712219 0.100299 0.0333333 -0.823349 -0.080393 0.105409
-2.97209
0.110554 -0.184186 -0.0818158 0.0333333 -0.159457 0.14312 0.0333333 0.0777997 0.284358 0.0471405 -0.343414 -0.115809 0.0333333 -0.0790118 0.448166 0.0745356 -0.387267 0.288098 0.0816497 0.10665 -0.548481 0.0333333 -0.277885 -0.538646 0.0333333 -0.676688 0.123313 0.0333333 -0.816734 -0.0887113 0.105409
-2.93196
0.110554 -0.151177 -0.10368 0.0333333 -0.159311 0.113316 0.0333333 0.111177 0.287502 0.0471405 -0.300831 -0.119915 0.0333333 -0.061928 0.437234 0.0745356 -0.387536 0.29931 0.0816497 0.0840578 -0.53865 0.0333333 -0.25967 -0.504293 0.0333333 -0.691999 0.103518 0.0333333 -0.816237 -0.0915188 0.105409
2.18153
0.110554 -0.125939 0.086405 0.0333333 -0.116885 -0.129154 0.0333333 0.139473 0.272351 0.0471405 -0.327859 -0.134134 0.0333333 -0.048547 0.416187 0.0745356 -0.383989 0.27765 0.0816497 0.0750393 -0.517007 0.0333333 -0.23357 -0.538937 0.0333333 -0.674471 0.0640967 0.0333333 -0.819795 -0.104675 0.105409
0.251714
0.110554 -0.0934918 -0.13536 0.0333333 -0.123144 0.114791 0.0333333 0.135874 0.24709 0.0471405 -0.370822 -0.133998 0.0333333 -0.0657298 0.400771 0.0745356 -0.405723 0.26873 0.0816497 0.0893178 -0.54263 0.0333333 -0.255682 -0.51049 0.0333333 -0.671837 0.0925476 0.0333333 -0.819098 -0.105657 0.105409
-1.95541
0.120185 0.118237 0.246542 0.0471405 -0.0480124 0.404822 0.0745356 -0.386777 -0.151552 0.0333333 -0.414841 0.273679 0.0816497 0.120013 -0.513663 0.0333333 -0.244176 -0.468751 0.0333333 -0.53868 0.0492799 0.0333333 -0.674622 0.0691815 0.0333333 -0.750063 0.00260666 0.0333333 -0.806677 -0.0903168 0.105409
-0.238407
0.120185 0.0936525 0.231058 0.0471405 -0.383217 0.0103803 0.0333333 -0.365206 -0.136043 0.0333333 -0.0685593 0.416414 0.0745356 -0.411304 0.270532 0.0816497 0.0902965 -0.485379 0.0333333 -0.2211 -0.457441 0.0333333 -0.517196 0.0379411 0.0333333 -0.733311 0.0259746 0.0471405 -0.825344 -0.0839704 0.105409
1.73731
0.120185 0.0724617 0.228203 0.0471405 -0.39245 0.0328101 0.0333333 -0.0669564 0.39239 0.0745356 -0.390431 -0.125281 0.0333333 -0.233527 -0.37593 0.0333333 -0.197532 -0.441547 0.0333333 -0.491219 0.00616153 0.0333333 -0.423042 0.264426 0.0816497 0.0800991 -0.525698 0.0333333 -0.832175 -0.0866714 0.11547
-2.00631
0.120185 0.0637495 0.216673 0.0471405 -0.358051 -0.099577 0.0333333 -0.419263 0.0282372 0.0471405 -0.0621784 0.415653 0.0745356 -0.207094 -0.392112 0.0333333 -0.458007 0.143921 0.0333333 -0.167796 -0.454227 0.0333333 -0.411683 0.261426 0.0816497 0.0662084 -0.545504 0.0333333 -0.83366 -0.0862641 0.11547
1.53689
0.120185 0.0773976 0.226424 0.0471405 -0.332968 -0.0872265 0.0333333 -0.0754952 0.399124 0.0745356 -0.440102 0.030584 0.0471405 -0.240091 -0.394803 0.0333333 -0.40333 0.262678 0.0881917 -0.154866 -0.494056 0.0333333 0.0615749 -0.521692 0.0333333 -0.646335 0.112026 0.0333333 -0.82511 -0.0992498 0.11547
-1.09388
0.120185 0.0943146 0.245018 0.0471405 -0.368668 -0.0679827 0.0333333 -0.421932 0.0315052 0.0471405 -0.0828571 0.421915 0.0745356 -0.133305 -0.464742 0.0333333 -0.255623 -0.417953 0.0333333 -0.401807 0.282093 0.0881917 0.0905513 -0.516223 0.0333333 -0.680904 0.134077 0.0333333 -0.830776 -0.0815197 0.11547
-2.97298
0.120185 0.117148 0.265736 0.0471405 -0.382488 -0.0906204 0.0333333 -0.430566 0.0175462 0.0471405 -0.064873 0.435447 0.0745356 -0.223181 -0.392591 0.0333333 -0.154847 -0.450104 0.0333333 -0.396715 0.295584 0.0881917 0.066336 -0.515202 0.0333333 -0.700386 0.118501 0.0333333 -0.81268 -0.0834199 0.11547
1.94832
0.120185 0.105764 0.238791 0.0471405 -0.394405 -0.0696128 0.0333333 -0.0575827 0.441246 0.0745356 -0.446203 0.0228387 0.0471405 -0.123364 -0.440728 0.0333333 -0.25309 -0.400115 0.0333333 -0.403613 0.279742 0.0881917 0.0877778 -0.495763 0.0333333 -0.729998 0.105344 0.0333333 -0.816977 -0.0862487 0.11547
3.0095
0.120185 0.132941 0.222371 0.0471405 -0.352127 -0.0670099 0.0333333 -0.100129 -0.411728 0.0333333 -0.034289 0.435276 0.0745356 -0.439524 -0.00181774 0.0471405 -0.213003 -0.41378 0.0333333 -0.381863 0.277929 0.0881917 0.110059 -0.527624 0.0333333 -0.694522 0.124592 0.0333333 -0.799539 -0.0825526 0.11547
1.64826
0.120185 -0.0652008 0.13066 0.0333333 0.129761 0.2364 0.0471405 -0.348918 -0.0429873 0.0333333 -0.0482682 0.42355 0.0745356 -0.44294 -0.0342404 0.0471405 -0.368777 0.2711 0.0881917 -0.179004 -0.424808 0.0471405 0.095226 -0.507357 0.0333333 -0.687842 0.0825795 0.0333333 -0.806417 -0.0976797 0.11547
2.16019
0.124722 0.11331 0.23817 0.0471405 -0.347505 -0.017548 0.0333333 -0.0465708 0.401361 0.0745356 -0.353503 0.25593 0.0881917 -0.439439 -0.0654388 0.0471405 -0.194318 -0.420778 0.0471405 0.133672 -0.516353 0.0333333 0.0150441 -0.556397 0.1 -0.678046 0.107901 0.0333333 -0.792352 -0.101772 0.11547
1.3309
0.124722 0.0891839 0.22108 0.0471405 -0.340987 0.00599387 0.0333333 -0.0631819 0.389224 0.0745356 -0.343136 0.248974 0.0881917 -0.174764 -0.42016 0.0471405 -0.456373 -0.0924235 0.0471405 -0.546774 -0.0663392 0.1 0.0215399 -0.558031 0.105409 -0.674721 0.0663611 0.0333333 -0.79416 -0.120043 0.11547
0.250194
0.124722 0.0706766 0.240276 0.0471405 -0.354765 0.0367218 0.0333333 -0.0708149 0.372144 0.0745356 -0.357676 0.257896 0.0881917 -0.188152 -0.445451 0.0471405 0.0187201 -0.551442 0.105409 -0.555032 0.00639395 0.0666667 -0.554309 -0.0796018 0.110554 -0.623503 0.0838363 0.133333 -0.665523 0.0359908 0.0333333
-0.801643
0.124722 0.0657563 0.270213 0.0471405 -0.265129 -0.129172 0.0333333 -0.385438 0.0657499 0.0333333 -0.0773353 0.393449 0.0745356 -0.355206 0.255151 0.0881917 -0.217766 -0.436376 0.0471405 0.00208409 -0.543585 0.105409 -0.554888 -0.0815352 0.188562 -0.599903 -0.0697411 0.0333333 -0.778983 0.165312 0.0666667
1.57676
0.124722 -0.0115398 0.0161192 0.1 0.0573995 0.239285 0.0471405 -0.0670156 0.302653 0.0666667 -0.259923 -0.171013 0.0333333 -0.0738999 0.370022 0.0745356 -0.366111 0.240025 0.0881917 -0.238449 -0.434079 0.0471405 0.00147829 -0.541973 0.105409 -0.553148 -0.084798 0.194365 -0.772446 0.171756 0.0666667
2.66674
0.159861 0.0760779 0.214239 0.0471405 0.0604592 -0.244152 0.1 -0.249601 -0.208333 0.0333333 -0.0741172 0.378437 0.1 -0.369001 0.229486 0.0881917 -0.223438 -0.460631 0.0471405 0.0162517 -0.538035 0.105409 -0.539631 -0.090048 0.194365 -0.792833 -0.0517745 0.1 -0.781177 0.168329 0.0666667
0.792504
0.159861 0.0901041 0.195214 0.0471405 -0.222734 0.120839 0.0333333 0.0515789 -0.259468 0.1 -0.278131 -0.236772 0.0333333 -0.0885613 0.379142 0.1 -0.361556 0.221922 0.0881917 -0.222183 -0.442823 0.0471405 0.00576616 -0.534057 0.105409 -0.549476 -0.0921661 0.218581 -0.800574 0.171567 0.0666667
-1.11395
0.159861 0.107768 0.190234 0.0471405 -0.214172 0.158316 0.0333333 0.0466495 -0.264184 0.1 -0.251096 -0.216217 0.0333333 -0.0935293 0.374433 0.1 -0.364558 0.215561 0.0881917 -0.201706 -0.43772 0.0471405 0.0101042 -0.535323 0.105409 -0.547497 -0.0865493 0.218581 -0.811766 0.192356 0.0666667
2.03496
0.159861 0.132006 0.173569 0.0471405 -0.179204 0.142289 0.0333333 0.0516136 -0.281354 0.1 -0.266781 -0.194904 0.0333333 -0.0967794 0.359108 0.1 -0.366177 0.221023 0.0881917 -0.188381 -0.465177 0.0471405 -0.53966 -0.0946374 0.218581 0.00594055 -0.549165 0.105409 -0.795197 0.176309 0.0666667
0.650987
0.166667 -0.177848 0.105462 0.0333333 0.0355561 -0.282015 0.1 -0.269056 -0.23229 0.0333333 -0.102515 0.343787 0.1 -0.368029 0.204761 0.0881917 -0.170799 -0.464759 0.0471405 -0.243053 -0.482089 0.0333333 -0.542229 -0.0947166 0.218581 -0.0100403 -0.552009 0.105409 -0.814194 0.16228 0.0666667
1.25661
0.169967 0.0415629 -0.280715 0.1 -0.097987 0.346394 0.1 -0.304449 -0.238762 0.0333333 -0.362534 0.188339 0.0881917 -0.198549 0.383734 0.0333333 -0.149775 -0.466338 0.057735 -0.520011 0.0482429 0.0333333 -0.0077348 -0.548755 0.105409 -0.543111 -0.106002 0.218581 -0.812043 0.139813 0.0666667
-2.13758
0.169967 0.12935 -0.0830132 0.1 0.00778554 -0.258318 0.0666667 0.0492644 -0.28549 0.1 -0.0852311 0.358071 0.105409 -0.285808 -0.262948 0.0333333 -0.299704 -0.248729 0.0333333 -0.165038 -0.465058 0.057735 -0.00842369 -0.533572 0.105409 -0.54438 -0.102219 0.221108 -0.810968 0.161816 0.0666667
-1.89592
0.208167 -0.272952 -0.0715174 0.0333333 0.0583964 -0.287888 0.1 -0.0854367 0.353977 0.105409 -0.313273 -0.272173 0.0333333 -0.157226 -0.477237 0.057735 0.000287443 -0.535577 0.105409 -0.539426 -0.100152 0.223607 -0.533726 0.191461 0.0333333 -0.815612 0.152765 0.0666667 -0.789348 -0.516321 0.1
-1.80531
0.23094 -0.0828754 0.369627 0.105409 -0.280816 -0.27867 0.0333333 -0.172609 -0.481744 0.057735 0.00324557 -0.519986 0.105409 -0.538162 -0.0999294 0.226078 -0.565817 0.196335 0.0333333 -0.588434 0.221353 0.0666667 -0.620411 0.370633 0.0333333 -0.807723 0.173239 0.0666667 -0.787535 -0.500033 0.1
2.32068
0.23094 -0.264344 -0.251579 0.0333333 -0.080684 0.376591 0.105409 0.000962451 -0.514553 0.105409 -0.188407 -0.48273 0.057735 -0.294991 -0.433954 0.1 -0.53425 -0.108324 0.226078 -0.58864 0.234131 0.0745356 -0.643021 0.38811 0.0333333 -0.813857 0.155965 0.0666667 -0.793625 -0.509527 0.1
-2.36186
0.23094 0.157845 0.10212 0.133333 -0.227846 -0.25232 0.0333333 -0.0667237 0.379774 0.105409 0.0144346 -0.507993 0.105409 -0.280459 -0.430448 0.11547 -0.526165 -0.103391 0.226078 -0.59741 0.228934 0.0745356 -0.671548 0.401001 0.0333333 -0.794509 0.164256 0.0666667 -0.784985 -0.515953 0.1
-2.72105
0.266667 -0.194812 -0.267408 0.0333333 -0.0703976 0.374952 0.105409 -0.394093 -0.276306 0.0666667 0.0291112 -0.503719 0.105409 -0.280782 -0.436872 0.11547 -0.524983 -0.0977049 0.226078 -0.600689 0.24368 0.0745356 -0.69125 0.379931 0.0333333 -0.774018 0.161907 0.0666667 -0.791621 -0.51534 0.1
-0.0273497
0.266667 0.153989 -0.208893 0.0333333 -0.172204 -0.247437 0.0333333 -0.0662861 0.381593 0.105409 0.0230037 -0.493244 0.105409 -0.282634 -0.427418 0.133333 -0.532999 -0.100645 0.226078 -0.601638 0.229238 0.0745356 -0.794266 0.166392 0.0666667 -0.710269 0.409885 0.0333333 -0.792423 -0.525816 0.1
-2.71194
0.268742 -0.131307 0.198739 0.0333333 -0.176552 -0.278026 0.0333333 -0.0701198 0.390611 0.105409 0.0163187 -0.492705 0.105409 -0.285002 -0.420065 0.133333 -0.534025 -0.0979183 0.226078 -0.585876 0.239853 0.0745356 -0.774256 0.171951 0.0666667 -0.723938 0.383224 0.0333333 -0.799651 -0.522633 0.1
-0.0290218
0.270801 0.0597418 0.24921 0.0666667 -0.149723 -0.265559 0.0333333 -0.0847187 0.391984 0.105409 0.0194306 -0.484928 0.105409 -0.288907 -0.411615 0.133333 -0.53373 -0.0956641 0.226078 -0.603118 0.24707 0.0745356 -0.778118 0.155406 0.0666667 -0.758941 0.370769 0.0333333 -0.814012 -0.526853 0.1
-1.3897
0.280872 0.0826755 0.0952505 0.133333 -0.315598 0.0311214 0.0333333 -0.077243 0.402625 0.105409 0.0286383 -0.484381 0.105409 -0.469112 0.187185 0.0333333 -0.297878 -0.408874 0.133333 -0.614156 0.261884 0.0745356 -0.781357 0.142964 0.0666667 -0.7273 0.38272 0.0333333 -0.822487 -0.514841 0.1
-1.14743
0.312694 -0.069942 0.400625 0.105409 0.0287917 -0.491164 0.105409 -0.300627 -0.39701 0.133333 -0.456701 0.221025 0.0333333 -0.222471 -0.46199 0.0333333 -0.549262 -0.0963219 0.0333333 -0.601722 0.270447 0.0745356 -0.79884 0.151701 0.0666667 -0.737772 0.418465 0.0333333 -0.833876 -0.516539 0.1
-0.838348
0.329983 -0.417115 -0.116519 0.133333 0.0332394 -0.480488 0.105409 -0.295764 -0.398495 0.137437 -0.481214 0.198746 0.0333333 -0.535044 -0.0647706 0.0333333 -0.601399 0.28775 0.0745356 -0.609819 0.289579 0.0333333 -0.786691 0.162516 0.0666667 -0.771472 0.409707 0.0333333 -0.830003 -0.50471 0.1
-0.808
0.355903 -0.162195 0.0196724 0.133333 0.0388286 -0.471093 0.105409 -0.471602 -0.0463796 0.0333333 -0.294212 -0.403155 0.137437 -0.504306 -0.0665645 0.0333333 -0.486004 0.234423 0.0333333 -0.605944 0.275443 0.0816497 -0.803609 0.173004 0.0666667 -0.75867 0.382438 0.0333333 -0.839574 -0.510699 0.1
1.89991
0.380058 0.0402473 -0.484581 0.105409 -0.497431 -0.0295656 0.0471405 -0.299711 -0.410905 0.137437 -0.47282 0.200438 0.0333333 -0.51399 -0.245696 0.0333333 -0.598667 0.260409 0.0816497 -0.732439 0.35769 0.0333333 -0.810427 0.184764 0.0666667 -0.664584 -0.549413 0.0333333 -0.831101 -0.521884 0.1
-0.907569
0.417665 -0.0189745 0.0233244 0.0333333 -0.143904 0.32196 0.133333 -0.450615 0.225869 0.0333333 -0.511686 -0.0472729 0.0471405 -0.486351 -0.227757 0.0333333 -0.61093 0.271415 0.0816497 -0.639446 -0.527476 0.0333333 -0.750833 0.388904 0.0333333 -0.828656 0.184266 0.0666667 -0.835359 -0.530417 0.1
1.50146
0.439697 -0.0231672 -0.213815 0.0666667 -0.208902 -0.265411 0.0333333 -0.423661 0.242572 0.0333333 -0.534786 -0.0554399 0.0471405 -0.510824 -0.25324 0.0333333 -0.600242 0.276946 0.0816497 -0.612559 -0.549578 0.0333333 -0.759354 0.353976 0.0333333 -0.832491 0.197873 0.0666667 -0.824597 -0.531166 0.1
1.48264
0.44597 -0.454481 0.253282 0.0333333 -0.519038 -0.0752918 0.0471405 -0.485961 -0.233806 0.0333333 -0.612585 0.268241 0.0816497 -0.668988 0.378915 0.0333333 -0.762066 0.179465 0.0333333 -0.641141 -0.534579 0.0333333 -0.744326 0.381098 0.0333333 -0.842635 0.208748 0.0666667 -0.835868 -0.534859 0.1
-2.5211
0.44597 -0.0324405 0.196864 0.0333333 -0.441412 0.223279 0.0333333 -0.526321 -0.0954969 0.0471405 -0.48875 -0.265341 0.0333333 -0.599478 0.261789 0.0816497 -0.748247 0.149736 0.0333333 -0.665856 0.413679 0.0471405 -0.827064 0.219909 0.0666667 -0.654499 -0.562701 0.0333333 -0.82273 -0.533328 0.1
2.23827
0.1 0.249922 0.416169 0.223607 0.476076 0.244148 0.0333333 0.632122 0.0390838 0.057735 -0.0262636 0.669086 0.0666667 0.516397 0.444804 0.0333333 0.255623 0.707782 0.0333333 0.789636 -0.0192563 0.105409 0.847745 0.228433 0.1 0.789348 0.516321 0.208167 0.703912 0.870298 0.105409
1.51919
0.1 0.249373 0.400104 0.226078 0.506719 0.221364 0.0333333 0.614926 0.0182894 0.057735 -0.0201881 0.673273 0.0666667 0.221718 0.696369 0.0333333 0.199101 0.721387 0.0666667 0.790781 -0.0199526 0.105409 0.167124 0.870667 0.0333333 0.787535 0.500033 0.23094 0.70466 0.86966 0.105409
-2.57405
0.1 0.259375 0.401203 0.226078 0.498634 0.0755729 0.1 0.529281 0.257948 0.0333333 0.605218 0.0267968 0.057735 -0.0202322 0.665492 0.0666667 0.204985 0.743658 0.0745356 0.794587 -0.0050258 0.105409 0.150604 0.897637 0.0333333 0.793625 0.509527 0.23094 0.712941 0.886117 0.105409
-1.08181
0.1 0.258819 0.412563 0.226078 0.504525 0.0855053 0.11547 0.557139 0.263634 0.0333333 -0.009524 0.68021 0.0666667 0.187575 0.744888 0.0745356 0.799419 0.00796001 0.105409 0.113437 0.916954 0.0333333 0.784985 0.515953 0.23094 0.942829 0.618073 0.133333 0.718261 0.895727 0.105409
-3.01967
0.1 0.397528 0.239035 0.0666667 0.266638 0.417635 0.226078 0.510839 0.0784682 0.11547 0.596809 0.247933 0.0333333 0.0176033 0.677247 0.0666667 0.190932 0.75902 0.0745356 0.820732 0.0116216 0.105409 0.100371 0.895271 0.0333333 0.791621 0.51534 0.266667 0.721224 0.890292 0.105409
-1.26326
0.1 0.259424 0.425171 0.226078 0.509789 0.0983985 0.133333 0.620219 0.27838 0.0333333 -0.00184331 0.692208 0.0666667 0.190785 0.755054 0.0745356 0.815426 0.0325719 0.105409 0.0821538 0.935702 0.0333333 0.792423 0.525816 0.266667 0.946412 0.316923 0.0333333 0.726137 0.90741 0.105409
3.01092
0.1 0.265626 0.424715 0.226078 0.514649 0.102568 0.133333 0.623099 0.244607 0.0333333 0.0253954 0.694583 0.0666667 0.213775 0.762486 0.0745356 0.81597 0.0299283 0.105409 0.0757133 0.905857 0.0333333 0.799651 0.522633 0.268742 0.668344 0.721371 0.0333333 0.729531 0.913243 0.105409
-2.74032
0.1 0.280282 0.431189 0.226078 0.525106 0.115238 0.133333 0.0358941 0.682259 0.0666667 0.66429 0.261293 0.0333333 0.210894 0.773923 0.0745356 0.833443 0.041925 0.105409 0.0550717 0.897621 0.0333333 0.814012 0.526853 0.270801 0.873754 0.776063 0.0666667 0.729294 0.918837 0.105409
2.34093
0.1 0.524609 0.105967 0.133333 0.04113 0.657805 0.0666667 0.506889 0.545963 0.0333333 0.353375 0.702026 0.0333333 0.208331 0.776725 0.0745356 0.851126 0.0304598 0.105409 0.0951874 0.897562 0.0333333 0.822487 0.514841 0.280872 0.905163 0.610092 0.133333 0.745244 0.917466 0.105409
-2.64391
0.1 0.284614 0.420217 0.0333333 0.533249 0.119529 0.133333 0.611405 0.0545483 0.0333333 0.035036 0.66824 0.0666667 0.232154 0.786986 0.0745356 0.377174 0.737564 0.0333333 0.862668 0.0253744 0.105409 0.0961036 0.935004 0.0333333 0.833876 0.516539 0.312694 0.763934 0.917164 0.105409
2.16812
0.1 0.294959 0.439939 0.0333333 0.534239 0.106214 0.137437 0.412888 0.38819 0.133333 0.0433119 0.667226 0.0666667 0.348788 0.703456 0.0333333 0.220184 0.794289 0.0333333 0.228603 0.792459 0.0745356 0.863242 0.0242214 0.105409 0.0585311 0.914417 0.0333333 0.830003 0.50471 0.329983
-2.2811
0.1 0.545363 0.107545 0.137437 0.335268 0.444135 0.0333333 0.367973 0.46432 0.0333333 0.0359654 0.683704 0.0666667 0.233631 0.786142 0.0816497 0.35357 0.745122 0.0333333 0.67738 0.530372 0.133333 0.878403 0.0396061 0.105409 0.0809041 0.893138 0.0333333 0.839574 0.510699 0.355903
-2.30739
0.1 0.166518 -0.0275289 0.0333333 0.317111 0.276189 0.0333333 0.531391 0.110979 0.137437 0.33367 0.492319 0.0471405 0.0206746 0.706649 0.0666667 0.358282 0.722323 0.0333333 0.232434 0.782293 0.0816497 0.871349 0.0373039 0.105409 0.0986618 0.879575 0.0333333 0.831101 0.521884 0.380058
-1.79385
0.1 0.195913 0.00294072 0.0333333 0.349008 0.302659 0.0333333 0.323673 0.483144 0.0471405 0.00670311 0.714682 0.0666667 0.224429 0.801831 0.0816497 0.384744 0.756286 0.0333333 0.0845263 0.91932 0.0333333 0.816385 0.553741 0.0333333 0.835359 0.530417 0.417665 0.691455 0.852376 0.133333
2.96935
0.1 0.212038 -0.018412 0.0333333 0.313773 0.277926 0.0333333 0.28981 0.475726 0.0471405 0.615694 0.265755 0.0333333 -0.00789484 0.72904 0.0666667 0.224354 0.808112 0.0816497 0.801429 0.317351 0.0666667 0.400935 0.773738 0.0333333 0.0652427 0.885142 0.0333333 0.824597 0.531166 0.439697
-3.03559
0.1 0.194727 0.00027999 0.0333333 0.349907 0.301053 0.0333333 0.31683 0.459567 0.0471405 0.073802 0.714324 0.0333333 -0.00676711 0.743607 0.0666667 0.223283 0.8031 0.0816497 0.381387 0.78814 0.0333333 0.0915422 0.915957 0.0333333 0.16688 0.913774 0.0333333 0.835868 0.534859 0.44597
3.13415
0.1 0.168231 -0.0293732 0.0333333 0.33398 0.267986 0.0333333 0.296409 0.437831 0.0471405 0.0744829 0.683063 0.0333333 -0.00433363 0.753237 0.0666667 0.223252 0.795116 0.0816497 0.381318 0.756606 0.0333333 0.156874 0.947006 0.0471405 0.82273 0.533328 0.44597 0.79029 0.730191 0.0333333
2.5446
0.1 0.189339 -0.00448989 0.0333333 0.251651 0.174367 0.0666667 0.373902 0.274648 0.0333333 0.312352 0.409002 0.0471405 0.0558973 0.658387 0.0333333 0.00373592 0.76362 0.0666667 0.224895 0.777545 0.0816497 0.407582 0.778987 0.0333333 0.143615 0.933575 0.0471405 0.784285 0.753614 0.0333333
-0.57328
0.1 0.177316 -0.0316881 0.0333333 0.239295 0.164003 0.0666667 0.397838 0.278642 0.0333333 0.323945 0.425873 0.0471405 0.048732 0.631151 0.0333333 0.000219157 0.754028 0.0666667 0.203053 0.778209 0.0816497 0.367429 0.797715 0.0333333 0.150574 0.92257 0.0471405 0.758891 0.730431 0.0333333
-2.42059
0.1 0.18143 0.0087103 0.0333333 0.243798 0.15512 0.0666667 0.342554 0.185981 0.0333333 0.416971 0.254437 0.0333333 0.323726 0.455167 0.0471405 0.0816306 0.615941 0.0333333 -0.00191048 0.774326 0.0666667 0.204246 0.797121 0.0942809 0.408713 0.799933 0.0333333 0.763318 0.704664 0.0333333
-3.02481
0.1 0.159143 0.00916366 0.0333333 0.252534 0.139908 0.0745356 0.381865 0.203934 0.0333333 0.448184 0.282265 0.0333333 0.322369 0.476512 0.0471405 0.0688486 0.640556 0.0333333 0.00322062 0.791206 0.0666667 0.227067 0.79833 0.0942809 0.448622 0.817884 0.0333333 0.800572 0.685374 0.0333333
2.58918
0.1 0.151874 -0.0299282 0.0333333 0.251318 0.121656 0.0745356 0.344897 0.17928 0.0333333 0.445456 0.309081 0.0333333 0.290295 0.477321 0.0471405 0.0321615 0.615497 0.0333333 0.00862957 0.792908 0.0666667 0.214724 0.781073 0.0942809 0.419978 0.784795 0.0333333 0.817286 0.700186 0.0333333
2.58784
0.1 0.139736 -0.0103731 0.0333333 0.24861 0.124437 0.0745356 0.332129 0.198285 0.0333333 0.289734 0.450139 0.0471405 0.438513 0.332261 0.0333333 0.00833397 0.611572 0.0333333 0.0319853 0.796254 0.0666667 0.233281 0.767749 0.0942809 0.446038 0.807853 0.0333333 0.831144 0.727384 0.0333333
2.56542
0.105409 0.239448 0.13329 0.0745356 0.287814 0.129194 0.0333333 0.307853 0.22202 0.0333333 0.287557 0.421623 0.0471405 0.460801 0.336801 0.0333333 0.00982311 0.573985 0.0333333 0.029787 0.77513 0.0666667 0.216027 0.752984 0.0942809 0.413381 0.825597 0.0333333 0.853769 0.711799 0.0333333
2.58073
0.105409 0.233512 0.128844 0.0816497 0.285814 0.228754 0.0333333 0.284515 0.39571 0.0471405 0.0476748 0.584944 0.0333333 0.489612 0.357947 0.0333333 0.214723 0.741525 0.0942809 0.0551828 0.772078 0.0666667 0.40037 0.794893 0.0333333 0.651526 0.860273 0.133333 0.831544 0.694329 0.0333333
2.6443
0.105409 0.22854 0.110902 0.0816497 0.306696 0.2095 0.0333333 0.25866 0.407424 0.0471405 0.00661703 0.569901 0.0333333 0.511608 0.364491 0.0333333 0.199708 0.72621 0.0942809 0.0344183 0.754986 0.0666667 0.376831 0.819987 0.0333333 0.640057 0.863281 0.133333 0.849891 0.707974 0.0333333
-1.54226
0.105409 0.241112 0.117025 0.0816497 0.29705 0.252034 0.0333333 0.281852 0.419867 0.0471405 0.034571 0.562752 0.0333333 0.508069 0.341852 0.0333333 0.190149 0.729455 0.0942809 0.0342431 0.782189 0.0666667 0.363184 0.799978 0.0333333 0.640173 0.865495 0.133333 0.869924 0.692098 0.0333333
2.79657
0.105409 0.258078 0.101818 0.0816497 0.339898 0.243286 0.0333333 0.278325 0.43566 0.0471405 0.0603461 0.529866 0.0333333 0.500336 0.366563 0.0333333 0.196266 0.737044 0.0942809 0.041737 0.795113 0.0666667 0.390977 0.82455 0.0333333 0.65488 0.868751 0.133333 0.912886 0.684137 0.0333333
-0.418946
0.105409 0.261972 0.107629 0.0816497 0.31923 0.279026 0.0333333 0.0775216 0.51434 0.0333333 0.280067 0.460594 0.0471405 0.523505 0.376801 0.0333333 0.188202 0.729652 0.0942809 0.0239089 0.78489 0.0666667 0.372148 0.860876 0.0333333 0.638567 0.868061 0.133333 0.882415 0.714439 0.0333333
0.631623
0.105409 0.251638 0.0879197 0.0816497 0.127657 0.371918 0.0333333 0.33676 0.293615 0.0333333 0.255608 0.437017 0.0471405 0.0962978 0.527266 0.0333333 0.547657 0.377245 0.0333333 0.170745 0.731095 0.11547 0.38074 0.883265 0.0333333 0.633045 0.854057 0.133333 0.881804 0.7406 0.0333333
-0.887819
0.105409 0.235785 0.0860691 0.0816497 0.0886117 0.387957 0.0333333 0.357569 0.320686 0.0333333 0.235864 0.464794 0.0471405 0.0565576 0.531404 0.0333333 0.567594 0.405525 0.0333333 0.164031 0.729649 0.11547 0.345768 0.87386 0.0333333 0.627195 0.853939 0.133333 0.867183 0.71641 0.0333333
-1.7728
0.105409 0.224315 0.0971842 0.0816497 0.118921 0.416065 0.0333333 0.337185 0.355607 0.0333333 0.215661 0.467539 0.0471405 0.0825726 0.518495 0.0333333 0.600724 0.40364 0.0333333 0.163887 0.74933 0.11547 0.375648 0.865741 0.0333333 0.621699 0.860871 0.133333 0.839631 0.741935 0.0333333
-0.663068
0.105409 0.224872 0.0933471 0.0816497 0.100965 0.390647 0.0333333 0.29658 0.370342 0.0333333 0.103762 0.509458 0.0333333 0.230229 0.468346 0.0471405 0.580085 0.37916 0.0333333 0.159029 0.764801 0.11547 0.357645 0.904122 0.0333333 0.618773 0.873723 0.133333 0.803419 0.766656 0.0333333
-2.69716
0.105409 0.230343 0.0848862 0.0816497 0.103435 0.362599 0.0333333 0.288312 0.346681 0.0333333 0.236384 0.449549 0.0471405 0.100268 0.544679 0.0333333 0.621769 0.374955 0.0333333 0.165318 0.778398 0.11547 0.342414 0.930985 0.0333333 0.63628 0.880621 0.133333 0.815043 0.804455 0.0333333
-2.70466
0.105409 0.227095 0.0939696 0.0816497 0.143656 0.354005 0.0333333 0.269035 0.367876 0.0333333 0.269237 0.450466 0.0471405 0.142718 0.554503 0.0333333 0.658978 0.398021 0.0333333 0.305189 0.727988 0.0333333 0.183515 0.778636 0.11547 0.380495 0.952683 0.0333333 0.651142 0.891503 0.137437
-0.702692
0.2 0.138988 -0.0108826 0.0333333 -0.0331153 -0.175643 0.120185 0.076827 -0.284597 0.1 -0.0596859 -0.359252 0.0333333 0.36616 -0.0703562 0.0666667 0.444044 -0.0581732 0.137437 0.0788814 -0.491831 0.057735 -0.0752861 -0.558161 0.0333333 0.412859 -0.539073 0.0333333 0.00936236 -0.838109 0.0816497
2.33183
0.253859 0.165383 0.00963072 0.0333333 -0.0652001 -0.331278 0.0333333 0.0876843 -0.348309 0.0666667 0.162995 -0.408231 0.0333333 0.442287 -0.0680387 0.152753 0.0990154 -0.485626 0.057735 -0.103896 -0.569844 0.0333333 0.39622 -0.569403 0.0333333 -9.76109e-05 -0.845051 0.0816497 -0.150321 -0.94769 0.0333333
0.588248
0.256038 -0.102053 -0.336552 0.0333333 0.0979672 -0.341578 0.0666667 0.443266 -0.0760856 0.152753 0.192687 -0.410498 0.0333333 0.0963048 -0.507277 0.057735 -0.133887 -0.551857 0.0333333 0.373797 -0.544294 0.0333333 -0.0615916 -0.783145 0.0333333 -0.013577 -0.856882 0.0816497 -0.158515 -0.917097 0.0333333
-0.689605
0.256038 -0.0770468 -0.316265 0.0333333 0.110891 -0.342424 0.0745356 0.435789 -0.0793128 0.152753 0.111804 -0.500625 0.057735 0.305781 -0.420991 0.1 -0.106336 -0.561601 0.0333333 0.39073 -0.51508 0.0333333 0.726409 -0.327712 0.0666667 -0.0263418 -0.844297 0.0881917 -0.133287 -0.897175 0.0333333
2.93573
0.256038 0.100308 -0.341807 0.0745356 -0.0908616 -0.345167 0.0333333 0.446827 -0.0775917 0.152753 0.131948 -0.490663 0.057735 0.299836 -0.426302 0.1 -0.106898 -0.529504 0.0333333 0.411928 -0.544669 0.0333333 0.745049 -0.337005 0.0666667 -0.00976499 -0.842589 0.0881917 -0.108295 -0.924154 0.0333333
0.651345
0.256038 0.0835224 -0.351103 0.0745356 -0.121802 -0.366652 0.0333333 0.324614 -0.275772 0.0333333 0.449738 -0.0837499 0.152753 0.289811 -0.419975 0.1 0.114013 -0.505967 0.057735 -0.140854 -0.518699 0.0333333 0.393638 -0.577148 0.0333333 0.744559 -0.323234 0.0666667 -0.000636014 -0.845906 0.0942809
-2.8203
0.256038 -0.130172 -0.334376 0.0333333 0.0886402 -0.364606 0.0745356 0.457934 -0.0763569 0.152753 0.283836 -0.413956 0.105409 0.103502 -0.517101 0.057735 -0.145667 -0.549443 0.0333333 0.429322 -0.565068 0.0333333 0.75722 -0.205616 0.0333333 0.73273 -0.317017 0.0666667 0.00162041 -0.856173 0.0942809
-1.80342
0.256038 -0.166139 -0.321136 0.0666667 0.0875092 -0.375138 0.0942809 -0.135867 -0.362807 0.0333333 0.462404 -0.0785276 0.152753 0.295371 -0.410117 0.105409 -0.138929 -0.512385 0.0333333 0.67382 -0.00159127 0.0333333 0.422924 -0.593347 0.0333333 0.724625 -0.298835 0.0745356 0.00610124 -0.84069 0.0942809
0.560939
0.256038 -0.00618941 -0.332269 0.0333333 -0.186229 -0.320561 0.0745356 0.0821043 -0.365789 0.0942809 0.465989 -0.0803883 0.152753 0.298391 -0.404284 0.105409 -0.172159 -0.530107 0.0333333 0.639883 0.0100766 0.0333333 0.386408 -0.589947 0.0333333 0.735131 -0.30574 0.0745356 0.00453163 -0.854594 0.0942809
2.78367
0.256038 0.168986 -0.153834 0.0333333 -0.172561 -0.310679 0.0745356 0.075965 -0.361412 0.1 0.475696 -0.0865 0.152753 0.307466 -0.415079 0.105409 -0.195218 -0.551004 0.0333333 0.667612 -0.0149194 0.0333333 0.357367 -0.595354 0.0333333 0.733345 -0.293549 0.0745356 0.000303675 -0.847741 0.0942809
2.8898
0.258199 -0.160696 -0.298973 0.0745356 0.0707731 -0.356561 0.1 0.477291 -0.0807908 0.156347 0.304355 -0.423751 0.105409 -0.158529 -0.559553 0.0333333 0.35296 -0.564233 0.0333333 0.311095 -0.665615 0.1 0.736055 -0.279798 0.0745356 0.00170916 -0.86027 0.0942809 0.646436 -0.776394 0.0666667
0.662428
0.258199 -0.149617 -0.305196 0.0745356 0.0784608 -0.360027 0.1 0.468105 -0.0875554 0.156347 0.291573 -0.431189 0.110554 -0.152248 -0.530301 0.0333333 0.714877 -0.124249 0.0333333 0.308836 -0.657209 0.105409 0.74735 -0.284988 0.0745356 -0.00268514 -0.87466 0.0942809 0.637476 -0.794751 0.0666667
-1.91754
0.268742 0.466534 -0.0770816 0.156347 0.288482 -0.418183 0.182574 -0.167334 -0.555189 0.0333333 -0.187572 -0.640621 0.0666667 -0.0538424 -0.670046 0.0333333 0.745891 -0.104781 0.0333333 0.733966 -0.279596 0.0745356 0.722363 -0.39997 0.0333333 -0.00293482 -0.858952 0.0942809 0.639065 -0.774037 0.0666667
2.5855
0.268742 0.463128 -0.0808941 0.156347 0.285948 -0.421068 0.182574 -0.148906 -0.527562 0.0333333 -0.196457 -0.631663 0.0666667 -0.0832207 -0.666809 0.0333333 0.716452 -0.10193 0.0333333 0.204576 -0.711227 0.0666667 0.734276 -0.296338 0.0816497 0.000616485 -0.84935 0.0942809 0.652074 -0.762524 0.0666667
-2.13147
0.268742 0.471787 -0.0803552 0.156347 0.289824 -0.423417 0.182574 -0.154836 -0.491734 0.0333333 -0.178702 -0.634143 0.0666667 -0.0488355 -0.671975 0.0333333 0.221822 -0.70056 0.0666667 0.751124 -0.105949 0.0333333 0.748843 -0.298512 0.0816497 -0.00264573 -0.835405 0.0942809 0.640463 -0.749691 0.0666667
2.64618
0.133333 0.180018 -0.165944 0.0333333 -0.251156 -0.0653802 0.0333333 -0.436803 -0.118748 0.0942809 -0.161914 -0.502327 0.0333333 -0.367011 -0.464563 0.0471405 -0.596343 -0.0881957 0.0666667 -0.603851 -0.27533 0.0333333 -0.365711 -0.631519 0.0333333 -0.418014 -0.731429 0.0816497 -0.651526 -0.860273 0.105409
1.83854
0.133333 0.209834 -0.155307 0.0333333 -0.263226 -0.0432945 0.0333333 -0.440349 -0.137071 0.0942809 -0.128449 -0.49879 0.0333333 -0.381397 -0.455857 0.0471405 -0.605638 -0.108295 0.0666667 -0.63344 -0.29338 0.0333333 -0.333361 -0.653781 0.0333333 -0.411516 -0.752379 0.0816497 -0.640057 -0.863281 0.105409
-1.52069
0.133333 -0.276989 -0.0655167 0.0333333 0.229751 -0.173397 0.0333333 -0.450025 -0.13604 0.0942809 -0.132105 -0.523643 0.0333333 -0.358321 -0.445627 0.0471405 -0.60593 -0.0833063 0.0666667 -0.605602 -0.302743 0.0333333 -0.343123 -0.613461 0.0333333 -0.399061 -0.74847 0.0816497 -0.640173 -0.865495 0.105409
0.958885
0.133333 -0.263903 -0.0442014 0.0333333 0.258006 -0.184614 0.0333333 -0.458614 -0.131707 0.0942809 -0.154543 -0.502188 0.0333333 -0.376555 -0.433091 0.0471405 -0.613143 -0.0736383 0.0666667 -0.594534 -0.338885 0.0333333 -0.314982 -0.625465 0.0333333 -0.396802 -0.766933 0.0816497 -0.65488 -0.868751 0.105409
-2.50144
0.133333 -0.26642 -0.00718513 0.0333333 0.243848 -0.153622 0.0333333 -0.450365 -0.13841 0.0942809 -0.115062 -0.49126 0.0333333 -0.358501 -0.407467 0.0471405 -0.614658 -0.0831713 0.0666667 -0.561046 -0.353722 0.0333333 -0.319337 -0.589035 0.0333333 -0.376595 -0.760433 0.0816497 -0.638567 -0.868061 0.105409
-1.20444
0.133333 -0.252305 0.0292084 0.0333333 0.248759 -0.113457 0.0333333 -0.462301 -0.122962 0.11547 -0.0853877 -0.476812 0.0333333 -0.377437 -0.41704 0.0471405 -0.536747 -0.326791 0.0333333 -0.296285 -0.560442 0.0333333 -0.505388 -0.482139 0.0333333 -0.381407 -0.766137 0.0816497 -0.633045 -0.854057 0.105409
-1.47434
0.133333 0.239987 -0.137529 0.0333333 -0.281427 0.0199212 0.0333333 -0.0596015 -0.448414 0.0333333 -0.463164 -0.12429 0.11547 -0.391331 -0.389145 0.0471405 -0.269626 -0.533253 0.0333333 -0.570638 -0.322535 0.0333333 -0.538584 -0.465982 0.0333333 -0.39141 -0.76787 0.0816497 -0.627195 -0.853939 0.105409
-2.72206
0.133333 -0.246052 0.00487019 0.0333333 0.217931 -0.118936 0.0333333 -0.0209751 -0.457232 0.0333333 -0.457812 -0.111541 0.11547 -0.406038 -0.393332 0.0471405 -0.284515 -0.505264 0.0333333 -0.539127 -0.342376 0.0333333 -0.502779 -0.444806 0.0333333 -0.397385 -0.763687 0.0816497 -0.621699 -0.860871 0.105409
0.868882
0.133333 0.184646 -0.107067 0.0333333 -0.261128 0.030399 0.0333333 -0.459744 -0.108922 0.11547 -0.0386882 -0.494563 0.0333333 -0.388544 -0.405377 0.0471405 -0.322193 -0.503381 0.0333333 -0.51501 -0.364265 0.0333333 -0.517808 -0.483076 0.0333333 -0.393901 -0.780376 0.0816497 -0.618773 -0.873723 0.105409
0.287897
0.133333 0.178763 -0.0761664 0.0333333 -0.293866 0.0503635 0.0333333 -0.470962 -0.102223 0.11547 -0.0145107 -0.505666 0.0333333 -0.399896 -0.431072 0.0471405 -0.536012 -0.335942 0.0333333 -0.347968 -0.53394 0.0333333 -0.532845 -0.518022 0.0333333 -0.405937 -0.795735 0.0816497 -0.63628 -0.880621 0.105409
0.879686
0.137437 -0.270647 0.0611801 0.0333333 -0.345954 -0.163515 0.0333333 -0.467628 -0.112867 0.11547 0.00783536 -0.493482 0.0333333 -0.381905 -0.441037 0.0471405 -0.508424 -0.337 0.0333333 -0.382108 -0.523627 0.0333333 -0.507486 -0.537498 0.0333333 -0.424048 -0.797533 0.0816497 -0.651142 -0.891503 0.105409
-0.602569
0.137437 -0.0778836 -0.012183 0.0666667 -0.305055 0.0472905 0.0333333 -0.367217 -0.226424 0.1 -0.444044 0.0581732 0.2 -0.0311843 -0.4809 0.0333333 -0.477159 -0.117469 0.120185 -0.365162 -0.433657 0.057735 -0.50373 -0.301078 0.0333333 -0.51933 -0.499988 0.0333333 -0.434681 -0.779936 0.0816497
-2.3339
0.152753 -0.276905 0.0776694 0.0333333 -0.279292 -0.340193 0.0333333 -0.442287 0.0680387 0.253859 -0.354603 -0.28027 0.0666667 -0.0460672 -0.501364 0.0333333 -0.343272 -0.417587 0.057735 -0.507488 -0.263239 0.0333333 -0.546183 -0.501805 0.0333333 -0.442385 -0.777012 0.0816497 -0.592609 -0.879651 0.0333333
-0.882567
0.152753 -0.250579 -0.334413 0.0333333 -0.345299 -0.265493 0.0666667 -0.443266 0.0760856 0.256038 -0.0694697 -0.468208 0.0333333 -0.346962 -0.431192 0.057735 -0.545319 -0.260466 0.0333333 -0.577154 -0.475772 0.0333333 -0.504858 -0.70706 0.0333333 -0.456843 -0.780796 0.0816497 -0.601782 -0.841012 0.0333333
-2.17451
0.152753 -0.130008 -0.341678 0.1 0.29062 -0.2484 0.0666667 -0.324898 -0.263112 0.0745356 -0.0450586 -0.435767 0.0333333 -0.435789 0.0793128 0.256038 -0.323985 -0.421312 0.057735 -0.512836 -0.236952 0.0333333 -0.542125 -0.482289 0.0333333 -0.462131 -0.764984 0.0881917 -0.569076 -0.817862 0.0333333
0.366728
0.152753 -0.146991 -0.34871 0.1 0.298222 -0.259413 0.0666667 -0.346519 -0.264216 0.0745356 -0.446827 0.0775917 0.256038 -0.034899 -0.467077 0.0333333 -0.314879 -0.413072 0.057735 -0.537689 -0.267576 0.0333333 -0.553725 -0.451912 0.0333333 -0.456592 -0.764998 0.0881917 -0.555122 -0.846562 0.0333333
-0.506268
0.152753 -0.125123 -0.192022 0.0333333 -0.159927 -0.336225 0.1 0.294822 -0.239484 0.0666667 -0.366215 -0.267353 0.0745356 -0.449738 0.0837499 0.256038 -0.0560991 -0.493398 0.0333333 -0.335724 -0.422217 0.057735 -0.571539 -0.282902 0.0333333 -0.590592 -0.434949 0.0333333 -0.450374 -0.762156 0.0942809
0.975455
0.152753 0.299286 -0.129259 0.0333333 0.274796 -0.24066 0.0666667 -0.174098 -0.3376 0.105409 -0.457934 0.0763569 0.256038 -0.369294 -0.288249 0.0745356 -0.0286124 -0.488711 0.0333333 -0.354433 -0.440744 0.057735 -0.588106 -0.258019 0.0333333 -0.603601 -0.473086 0.0333333 -0.456314 -0.779816 0.0942809
-1.07364
0.152753 0.211416 0.0769363 0.0333333 0.262221 -0.220307 0.0745356 -0.167033 -0.33159 0.105409 -0.462404 0.0785276 0.256038 -0.374895 -0.29661 0.0942809 -0.0394801 -0.514819 0.0333333 -0.59827 -0.28428 0.0333333 -0.628543 -0.242608 0.0666667 -0.601333 -0.433857 0.0333333 -0.456303 -0.762163 0.0942809
0.0616073
0.152753 0.173894 0.0904649 0.0333333 0.269142 -0.225352 0.0745356 -0.167598 -0.323896 0.105409 -0.465989 0.0803883 0.256038 -0.383885 -0.2854 0.0942809 -0.0795811 -0.509559 0.0333333 -0.472179 -0.25188 0.0333333 -0.652218 -0.240172 0.0745356 -0.638148 -0.449719 0.0333333 -0.461458 -0.774206 0.0942809
-0.683107
0.152753 0.191917 0.0715806 0.0333333 -0.306709 -0.0673344 0.0333333 0.25765 -0.207049 0.0745356 -0.16823 -0.328579 0.105409 -0.475696 0.0865 0.256038 -0.399731 -0.274912 0.1 -0.118329 -0.508854 0.0333333 -0.648256 -0.22418 0.0745356 -0.670913 -0.464504 0.0333333 -0.475392 -0.761241 0.0942809
1.9375
0.156347 0.258764 -0.199007 0.0745356 -0.172935 -0.34296 0.105409 -0.477291 0.0807908 0.258199 -0.406517 -0.27577 0.1 -0.12433 -0.483442 0.0333333 -0.166196 -0.584825 0.1 -0.637986 -0.218182 0.0745356 0.169145 -0.695604 0.0666667 -0.635819 -0.478762 0.0333333 -0.475581 -0.77948 0.0942809
-2.52355
0.156347 0.246772 -0.0366936 0.0333333 0.279245 -0.197433 0.0745356 -0.176532 -0.343634 0.110554 -0.389645 -0.272472 0.1 -0.468105 0.0875554 0.258199 -0.159269 -0.569654 0.105409 -0.617722 -0.21764 0.0745356 0.169371 -0.707195 0.0666667 -0.620354 -0.442745 0.0333333 -0.470791 -0.787104 0.0942809
2.01183
0.156347 0.279357 -0.0276993 0.0333333 0.267432 -0.202514 0.0745356 -0.178052 -0.341101 0.182574 0.255829 -0.322889 0.0333333 -0.466534 0.0770816 0.268742 0.172531 -0.696956 0.0666667 -0.520376 -0.592964 0.0333333 -0.633868 -0.478108 0.0333333 -0.654107 -0.563539 0.0666667 -0.469469 -0.781871 0.0942809
-2.91016
0.156347 0.253323 -0.0210356 0.0333333 0.271148 -0.215444 0.0816497 -0.17718 -0.340174 0.182574 -0.463128 0.0808941 0.268742 -0.258553 -0.630333 0.0666667 0.188946 -0.68163 0.0666667 -0.612034 -0.446668 0.0333333 -0.546349 -0.585915 0.0333333 -0.659585 -0.550768 0.0666667 -0.462512 -0.768456 0.0942809
-0.429992
0.156347 0.279337 -0.0255937 0.0333333 0.277056 -0.218157 0.0816497 -0.181963 -0.343062 0.182574 -0.471787 0.0803552 0.268742 -0.249965 -0.620205 0.0666667 0.168677 -0.669336 0.0666667 -0.626623 -0.411379 0.0333333 -0.520622 -0.59162 0.0333333 -0.650489 -0.553788 0.0666667 -0.474432 -0.755049 0.0942809
-2.88026
0.156347 0.293126 -0.056364 0.0333333 0.270509 -0.218622 0.0816497 -0.359197 -0.0493839 0.0666667 -0.170798 -0.336919 0.182574 -0.226463 -0.619367 0.0666667 0.159234 -0.670938 0.0666667 -0.49243 -0.564166 0.0333333 -0.643564 -0.432874 0.0333333 -0.632395 -0.539635 0.0666667 -0.476736 -0.745809 0.0942809
0.598422
